0.0076365,0.0025321
0.0078971,0.0090422
0.0077366,0.016213
0.007173,0.023996
0.006226,0.03234
0.0049162,0.041196
0.0032653,0.050511
0.0012958,0.060232
-0.00096905,0.070306
-0.0035055,0.08068
-0.0062897,0.091303
-0.0092974,0.10212
-0.012505,0.11309
-0.015887,0.12415
-0.019422,0.13527
-0.023086,0.14639
-0.026858,0.15747
-0.030715,0.16847
-0.034638,0.17936
-0.038607,0.19009
-0.042604,0.20064
-0.046613,0.21098
-0.050619,0.22108
-0.054608,0.23091
-0.058568,0.24047
-0.062489,0.24972
-0.066361,0.25866
-0.070177,0.26729
-0.073933,0.27558
-0.077624,0.28353
-0.081248,0.29115
-0.084804,0.29844
-0.088293,0.30539
-0.091717,0.31202
-0.09508,0.31833
-0.098386,0.32433
-0.10164,0.33003
-0.10486,0.33544
-0.10803,0.34058
-0.11118,0.34546
-0.11432,0.3501
-0.11744,0.35451
-0.12057,0.3587
-0.12371,0.3627
-0.12688,0.3665
-0.13008,0.37014
-0.13332,0.37363
-0.13662,0.37696
-0.13998,0.38017
-0.14342,0.38325
-0.14694,0.38623
-0.15055,0.38909
-0.15425,0.39186
-0.15806,0.39453
-0.16198,0.39712
-0.16601,0.39962
-0.17016,0.40203
-0.17442,0.40435
-0.17881,0.40659
-0.18331,0.40873
-0.18794,0.41077
-0.19268,0.41271
-0.19753,0.41454
-0.2025,0.41626
-0.20757,0.41785
-0.21275,0.41931
-0.21801,0.42063
-0.22337,0.4218
-0.2288,0.42282
-0.23431,0.42366
-0.23988,0.42433
-0.24551,0.42482
-0.25119,0.42511
-0.25691,0.42521
-0.26265,0.4251
-0.26842,0.42479
-0.27421,0.42426
-0.27999,0.42352
-0.28578,0.42256
-0.29156,0.42138
-0.29732,0.41998
-0.30306,0.41836
-0.30878,0.41653
-0.31446,0.41448
-0.32011,0.41223
-0.32571,0.40978
-0.33128,0.40713
-0.33679,0.40429
-0.34226,0.40127
-0.34769,0.39807
-0.35306,0.39471
-0.35839,0.39119
-0.36366,0.38752
-0.36889,0.38372
-0.37408,0.37978
-0.37922,0.37572
-0.38432,0.37154
-0.38938,0.36726
-0.3944,0.36288
-0.39939,0.3584
-0.40434,0.35384
-0.40927,0.34919
-0.41416,0.34446
-0.41902,0.33965
-0.42385,0.33476
-0.42866,0.3298
-0.43344,0.32477
-0.43819,0.31965
-0.44291,0.31446
-0.4476,0.30918
-0.45226,0.30381
-0.45688,0.29835
-0.46147,0.2928
-0.46601,0.28714
-0.4705,0.28136
-0.47494,0.27548
-0.47932,0.26946
-0.48364,0.26332
-0.48788,0.25704
-0.49205,0.25061
-0.49613,0.24403
-0.50012,0.23729
-0.504,0.23039
-0.50778,0.22333
-0.51145,0.21609
-0.51499,0.20868
-0.51839,0.2011
-0.52166,0.19334
-0.52479,0.1854
-0.52776,0.1773
-0.53058,0.16902
-0.53323,0.16058
-0.53572,0.15198
-0.53804,0.14324
-0.54018,0.13435
-0.54215,0.12532
-0.54394,0.11618
-0.54555,0.10693
-0.54698,0.097576
-0.54823,0.088144
-0.54931,0.078646
-0.55021,0.069095
-0.55094,0.059507
-0.55151,0.0499
-0.55192,0.040289
-0.55217,0.030692
-0.55227,0.021123
-0.55223,0.011601
-0.55205,0.0021396
-0.55175,-0.0072447
-0.55132,-0.016538
-0.55079,-0.025725
-0.55014,-0.034794
-0.54941,-0.043733
-0.54859,-0.05253
-0.54768,-0.061175
-0.54671,-0.069661
-0.54568,-0.07798
-0.54459,-0.086126
-0.54345,-0.094093
-0.54227,-0.10188
-0.54105,-0.10948
-0.5398,-0.1169
-0.53853,-0.12414
-0.53724,-0.13119
-0.53593,-0.13807
-0.5346,-0.14477
-0.53327,-0.1513
-0.53192,-0.15767
-0.53056,-0.16388
-0.52919,-0.16994
-0.52781,-0.17586
-0.52642,-0.18165
-0.52502,-0.18731
-0.5236,-0.19285
-0.52217,-0.19828
-0.52071,-0.20362
-0.51923,-0.20887
-0.51772,-0.21403
-0.51618,-0.21912
-0.5146,-0.22415
-0.51298,-0.22911
-0.51132,-0.23403
-0.50961,-0.2389
-0.50785,-0.24372
-0.50602,-0.24852
-0.50414,-0.25327
-0.50219,-0.258
-0.50017,-0.2627
-0.49809,-0.26738
-0.49592,-0.27203
-0.49368,-0.27665
-0.49136,-0.28125
-0.48896,-0.28582
-0.48648,-0.29035
-0.48391,-0.29486
-0.48126,-0.29932
-0.47853,-0.30375
-0.47571,-0.30813
-0.4728,-0.31246
-0.46981,-0.31674
-0.46674,-0.32095
-0.46359,-0.3251
-0.46036,-0.32918
-0.45705,-0.33318
-0.45366,-0.33709
-0.4502,-0.34093
-0.44666,-0.34466
-0.44305,-0.3483
-0.43937,-0.35184
-0.43562,-0.35526
-0.4318,-0.35858
-0.42792,-0.36178
-0.42397,-0.36486
-0.41996,-0.36781
-0.41589,-0.37064
-0.41176,-0.37334
-0.40757,-0.3759
-0.40332,-0.37833
-0.39901,-0.38063
-0.39465,-0.38279
-0.39022,-0.38481
-0.38574,-0.38669
-0.38121,-0.38843
-0.37661,-0.39003
-0.37197,-0.39149
-0.36727,-0.39282
-0.36251,-0.394
-0.3577,-0.39504
-0.35285,-0.39595
-0.34794,-0.39672
-0.34298,-0.39736
-0.33797,-0.39786
-0.33292,-0.39823
-0.32783,-0.39847
-0.3227,-0.39858
-0.31753,-0.39856
-0.31233,-0.39841
-0.3071,-0.39814
-0.30185,-0.39775
-0.29658,-0.39724
-0.29129,-0.39662
-0.28599,-0.39587
-0.28069,-0.39502
-0.27539,-0.39405
-0.2701,-0.39297
-0.26483,-0.39179
-0.25957,-0.39051
-0.25434,-0.38912
-0.24914,-0.38764
-0.24398,-0.38605
-0.23887,-0.38438
-0.2338,-0.38261
-0.2288,-0.38076
-0.22385,-0.37882
-0.21897,-0.37679
-0.21416,-0.37468
-0.20943,-0.37249
-0.20477,-0.37022
-0.2002,-0.36787
-0.19571,-0.36545
-0.1913,-0.36295
-0.18699,-0.36037
-0.18275,-0.35773
-0.17861,-0.355
-0.17454,-0.3522
-0.17056,-0.34933
-0.16666,-0.34638
-0.16284,-0.34335
-0.15909,-0.34024
-0.15541,-0.33705
-0.1518,-0.33378
-0.14825,-0.33042
-0.14475,-0.32698
-0.14129,-0.32344
-0.13789,-0.3198
-0.13451,-0.31607
-0.13117,-0.31223
-0.12785,-0.30829
-0.12455,-0.30424
-0.12126,-0.30007
-0.11797,-0.29579
-0.11469,-0.29139
-0.1114,-0.28686
-0.10811,-0.28221
-0.1048,-0.27743
-0.10148,-0.27252
-0.098136,-0.26748
-0.094776,-0.2623
-0.091395,-0.25699
-0.087993,-0.25156
-0.084572,-0.24599
-0.081132,-0.24029
-0.077676,-0.23447
-0.074206,-0.22853
-0.070728,-0.22247
-0.067244,-0.2163
-0.063761,-0.21004
-0.060285,-0.20368
-0.056821,-0.19723
-0.053378,-0.19071
-0.049963,-0.18413
-0.046583,-0.1775
-0.043247,-0.17083
-0.039964,-0.16415
-0.036741,-0.15745
-0.033588,-0.15076
-0.030512,-0.1441
-0.027523,-0.13747
-0.024628,-0.13091
-0.021835,-0.12442
-0.019151,-0.11803
-0.016582,-0.11175
-0.014136,-0.10561
-0.011817,-0.099617
-0.0096309,-0.093794
-0.0075807,-0.088159
-0.00567,-0.082731
-0.003901,-0.077526
-0.0022754,-0.072562
-0.00079371,-0.067855
0.00054437,-0.063422
0.00174,-0.059276
0.0027951,-0.055433
0.0037126,-0.051904
0.0044961,-0.048703
0.00515,-0.045839
0.0056793,-0.043323
0.0060899,-0.041164
0.006388,-0.039367
0.0065804,-0.03794
0.0066743,-0.036887
0.0066773,-0.036211
0.0065973,-0.035915
0.0064422,-0.036
0.0062202,-0.036464
0.0059394,-0.037306
0.0056078,-0.038524
0.0052334,-0.040112
0.0048239,-0.042067
0.0043866,-0.044381
0.0039288,-0.047047
0.0034569,-0.050057
0.0029773,-0.053402
0.0024956,-0.05707
0.0020172,-0.061053
0.0015465,-0.065337
0.0010878,-0.069911
0.00064457,-0.074761
0.00021977,-0.079875
-0.00018415,-0.085239
-0.00056527,-0.090838
-0.00092218,-0.096658
-0.0012539,-0.10268
-0.0015598,-0.1089
-0.0018398,-0.1153
-0.0020939,-0.12185
-0.0023224,-0.12855
-0.0025257,-0.13538
-0.0027044,-0.14233
-0.0028591,-0.14938
-0.0029902,-0.15651
-0.0030982,-0.16371
-0.0031832,-0.17097
-0.0032451,-0.17827
-0.0032834,-0.1856
-0.0032972,-0.19294
-0.0032852,-0.20028
-0.0032456,-0.20761
-0.003176,-0.21491
-0.0030732,-0.22217
-0.0029338,-0.22938
-0.0027534,-0.23652
-0.0025271,-0.24358
-0.0022492,-0.25056
-0.0019136,-0.25744
-0.0015135,-0.2642
-0.0010413,-0.27085
-0.00048903,-0.27736
0.00015173,-0.28374
0.00088995,-0.28996
0.0017349,-0.29603
0.0026963,-0.30193
0.0037839,-0.30765
0.0050076,-0.3132
0.0063773,-0.31856
0.0079031,-0.32372
0.0095946,-0.32868
0.011461,-0.33345
0.013512,-0.338
0.015755,-0.34234
0.018199,-0.34647
0.020851,-0.35038
0.023716,-0.35407
0.026801,-0.35755
0.03011,-0.36081
0.033646,-0.36385
0.037412,-0.36668
0.041407,-0.3693
0.045632,-0.3717
0.050084,-0.37391
0.054761,-0.37591
0.059657,-0.37771
0.064766,-0.37933
0.070081,-0.38077
0.075592,-0.38203
0.081288,-0.38312
0.087156,-0.38406
0.093185,-0.38485
0.099357,-0.3855
0.10566,-0.38602
0.11207,-0.38642
0.11857,-0.38672
0.12514,-0.38691
0.13177,-0.38703
0.13842,-0.38706
0.14508,-0.38704
0.15173,-0.38696
0.15833,-0.38685
0.16487,-0.3867
0.17132,-0.38654
0.17765,-0.38636
