0.0016679,-0.0072004
0.00043185,-0.0035172
-0.00089574,0.00034295
-0.0023115,0.0043712
-0.0038121,0.0085585
-0.0053939,0.012896
-0.0070534,0.017373
-0.0087871,0.021982
-0.010591,0.026713
-0.012463,0.031556
-0.014397,0.036502
-0.016392,0.04154
-0.018443,0.046663
-0.020546,0.051859
-0.022699,0.05712
-0.024898,0.062436
-0.027139,0.067798
-0.02942,0.073197
-0.031736,0.078624
-0.034085,0.08407
-0.036464,0.089526
-0.038869,0.094984
-0.041299,0.10043
-0.043749,0.10587
-0.046218,0.11129
-0.048704,0.11667
-0.051202,0.12202
-0.053713,0.12732
-0.056233,0.13258
-0.05876,0.13778
-0.061292,0.14291
-0.063829,0.14798
-0.066368,0.15297
-0.068908,0.15788
-0.071448,0.16271
-0.073987,0.16746
-0.076524,0.17211
-0.079057,0.17666
-0.081588,0.18112
-0.084114,0.18548
-0.086636,0.18973
-0.089154,0.19388
-0.091667,0.19792
-0.094176,0.20186
-0.09668,0.20568
-0.099181,0.20939
-0.10168,0.21299
-0.10417,0.21649
-0.10667,0.21987
-0.10916,0.22313
-0.11165,0.22629
-0.11414,0.22935
-0.11663,0.23229
-0.11913,0.23513
-0.12163,0.23786
-0.12413,0.2405
-0.12664,0.24303
-0.12916,0.24547
-0.13169,0.24781
-0.13423,0.25006
-0.13678,0.25222
-0.13935,0.25429
-0.14193,0.25629
-0.14452,0.2582
-0.14714,0.26003
-0.14977,0.26179
-0.15242,0.26348
-0.1551,0.2651
-0.1578,0.26666
-0.16052,0.26816
-0.16327,0.2696
-0.16604,0.27098
-0.16884,0.27231
-0.17167,0.2736
-0.17453,0.27484
-0.17742,0.27604
-0.18034,0.27719
-0.18329,0.27831
-0.18627,0.2794
-0.18928,0.28045
-0.19233,0.28147
-0.19541,0.28246
-0.19852,0.28342
-0.20166,0.28436
-0.20484,0.28528
-0.20804,0.28617
-0.21128,0.28704
-0.21455,0.28789
-0.21784,0.28872
-0.22117,0.28953
-0.22453,0.29032
-0.22791,0.29109
-0.23132,0.29184
-0.23475,0.29257
-0.23821,0.29328
-0.24169,0.29397
-0.24519,0.29464
-0.24871,0.29528
-0.25225,0.2959
-0.2558,0.29649
-0.25937,0.29706
-0.26295,0.29759
-0.26654,0.2981
-0.27014,0.29857
-0.27375,0.29901
-0.27736,0.29941
-0.28097,0.29977
-0.28458,0.30009
-0.28819,0.30036
-0.2918,0.30059
-0.2954,0.30078
-0.29899,0.30091
-0.30257,0.30098
-0.30614,0.301
-0.3097,0.30097
-0.31324,0.30087
-0.31676,0.3007
-0.32026,0.30047
-0.32374,0.30018
-0.32719,0.29981
-0.33062,0.29937
-0.33402,0.29885
-0.33739,0.29826
-0.34073,0.29759
-0.34404,0.29683
-0.34731,0.296
-0.35055,0.29508
-0.35375,0.29407
-0.35692,0.29297
-0.36004,0.29179
-0.36313,0.29052
-0.36617,0.28915
-0.36917,0.2877
-0.37213,0.28615
-0.37505,0.28451
-0.37792,0.28277
-0.38075,0.28094
-0.38353,0.27902
-0.38627,0.27701
-0.38897,0.2749
-0.39162,0.27269
-0.39422,0.2704
-0.39678,0.26801
-0.39929,0.26553
-0.40176,0.26296
-0.40418,0.2603
-0.40656,0.25755
-0.4089,0.25472
-0.41119,0.2518
-0.41344,0.24879
-0.41564,0.24571
-0.41781,0.24254
-0.41993,0.23929
-0.42201,0.23596
-0.42406,0.23256
-0.42606,0.22908
-0.42803,0.22554
-0.42995,0.22192
-0.43185,0.21823
-0.4337,0.21448
-0.43552,0.21066
-0.43731,0.20679
-0.43906,0.20285
-0.44078,0.19885
-0.44247,0.1948
-0.44413,0.1907
-0.44575,0.18654
-0.44735,0.18234
-0.44892,0.17808
-0.45046,0.17379
-0.45198,0.16944
-0.45346,0.16506
-0.45493,0.16064
-0.45636,0.15617
-0.45777,0.15167
-0.45916,0.14714
-0.46052,0.14257
-0.46186,0.13797
-0.46318,0.13334
-0.46447,0.12869
-0.46574,0.124
-0.46699,0.11929
-0.46821,0.11455
-0.46942,0.10978
-0.4706,0.105
-0.47176,0.10019
-0.4729,0.095361
-0.47401,0.090512
-0.47511,0.085643
-0.47618,0.080755
-0.47723,0.07585
-0.47826,0.070928
-0.47927,0.065989
-0.48025,0.061034
-0.48121,0.056064
-0.48215,0.05108
-0.48306,0.046082
-0.48396,0.041071
-0.48482,0.036047
-0.48567,0.031011
-0.48648,0.025963
-0.48728,0.020905
-0.48805,0.015836
-0.48879,0.010758
-0.4895,0.0056706
-0.49019,0.00057484
-0.49086,-0.0045285
-0.49149,-0.0096388
-0.4921,-0.014755
-0.49268,-0.019877
-0.49323,-0.025003
-0.49376,-0.030133
-0.49425,-0.035266
-0.49472,-0.0404
-0.49515,-0.045535
-0.49555,-0.05067
-0.49593,-0.055803
-0.49627,-0.060933
-0.49658,-0.06606
-0.49686,-0.071181
-0.49711,-0.076296
-0.49733,-0.081403
-0.49751,-0.086501
-0.49767,-0.091588
-0.49779,-0.096662
-0.49787,-0.10172
-0.49793,-0.10677
-0.49795,-0.1118
-0.49793,-0.11681
-0.49788,-0.1218
-0.4978,-0.12676
-0.49769,-0.13171
-0.49754,-0.13663
-0.49735,-0.14152
-0.49713,-0.14638
-0.49688,-0.15121
-0.49659,-0.15601
-0.49627,-0.16078
-0.49591,-0.16551
-0.49552,-0.1702
-0.49509,-0.17485
-0.49462,-0.17946
-0.49412,-0.18403
-0.49359,-0.18856
-0.49301,-0.19304
-0.4924,-0.19747
-0.49176,-0.20185
-0.49108,-0.20619
-0.49036,-0.21047
-0.4896,-0.2147
-0.48881,-0.21887
-0.48798,-0.22299
-0.48712,-0.22705
-0.48621,-0.23106
-0.48527,-0.235
-0.48429,-0.23889
-0.48327,-0.24271
-0.48222,-0.24648
-0.48113,-0.25018
-0.47999,-0.25382
-0.47882,-0.2574
-0.47761,-0.26091
-0.47636,-0.26436
-0.47508,-0.26774
-0.47375,-0.27106
-0.47238,-0.27431
-0.47098,-0.2775
-0.46954,-0.28063
-0.46805,-0.28368
-0.46653,-0.28667
-0.46497,-0.2896
-0.46336,-0.29246
-0.46172,-0.29526
-0.46004,-0.29799
-0.45832,-0.30066
-0.45656,-0.30326
-0.45476,-0.3058
-0.45292,-0.30827
-0.45104,-0.31068
-0.44912,-0.31303
-0.44717,-0.31532
-0.44518,-0.31754
-0.44315,-0.31971
-0.44108,-0.32181
-0.43897,-0.32386
-0.43683,-0.32584
-0.43465,-0.32777
-0.43243,-0.32963
-0.43018,-0.33144
-0.42789,-0.3332
-0.42557,-0.33489
-0.42321,-0.33654
-0.42082,-0.33812
-0.4184,-0.33965
-0.41594,-0.34113
-0.41346,-0.34256
-0.41094,-0.34393
-0.40839,-0.34525
-0.40581,-0.34652
-0.40321,-0.34774
-0.40057,-0.3489
-0.39791,-0.35002
-0.39522,-0.35109
-0.39251,-0.35211
-0.38977,-0.35308
-0.387,-0.354
-0.38421,-0.35488
-0.3814,-0.3557
-0.37857,-0.35649
-0.37572,-0.35722
-0.37284,-0.35791
-0.36995,-0.35856
-0.36704,-0.35916
-0.3641,-0.35972
-0.36116,-0.36023
-0.35819,-0.3607
-0.35521,-0.36112
-0.35222,-0.36151
-0.34921,-0.36185
-0.34618,-0.36215
-0.34315,-0.36241
-0.3401,-0.36262
-0.33704,-0.3628
-0.33397,-0.36294
-0.33089,-0.36304
-0.3278,-0.36309
-0.32469,-0.36311
-0.32158,-0.3631
-0.31847,-0.36304
-0.31534,-0.36295
-0.31221,-0.36282
-0.30907,-0.36265
-0.30592,-0.36245
-0.30277,-0.36222
-0.29961,-0.36194
-0.29645,-0.36164
-0.29328,-0.3613
-0.29011,-0.36093
-0.28693,-0.36053
-0.28375,-0.36009
-0.28057,-0.35962
-0.27738,-0.35913
-0.2742,-0.3586
-0.27101,-0.35804
-0.26782,-0.35745
-0.26462,-0.35683
-0.26143,-0.35619
-0.25823,-0.35551
-0.25504,-0.35481
-0.25185,-0.35409
-0.24865,-0.35333
-0.24546,-0.35255
-0.24227,-0.35174
-0.23908,-0.35091
-0.23589,-0.35005
-0.23271,-0.34916
-0.22953,-0.34825
-0.22636,-0.34731
-0.22319,-0.34635
-0.22002,-0.34537
-0.21686,-0.34436
-0.21371,-0.34332
-0.21056,-0.34226
-0.20742,-0.34117
-0.2043,-0.34006
-0.20118,-0.33893
-0.19807,-0.33777
-0.19497,-0.33658
-0.19188,-0.33536
-0.1888,-0.33412
-0.18574,-0.33286
-0.18269,-0.33157
-0.17966,-0.33024
-0.17664,-0.3289
-0.17363,-0.32752
-0.17065,-0.32611
-0.16768,-0.32468
-0.16473,-0.32321
-0.1618,-0.32172
-0.15888,-0.3202
-0.15599,-0.31864
-0.15312,-0.31705
-0.15028,-0.31543
-0.14745,-0.31378
-0.14465,-0.31209
-0.14187,-0.31037
-0.13912,-0.30861
-0.13639,-0.30682
-0.13369,-0.305
-0.13101,-0.30314
-0.12836,-0.30124
-0.12573,-0.29931
-0.12314,-0.29734
-0.12057,-0.29533
-0.11802,-0.29329
-0.11551,-0.29121
-0.11302,-0.28909
-0.11056,-0.28693
-0.10813,-0.28474
-0.10572,-0.2825
-0.10334,-0.28023
-0.10099,-0.27792
-0.098669,-0.27558
-0.096372,-0.2732
-0.094101,-0.27078
-0.091856,-0.26832
-0.089637,-0.26583
-0.087443,-0.2633
-0.085273,-0.26074
-0.083126,-0.25814
-0.081004,-0.25551
-0.078903,-0.25285
-0.076825,-0.25015
-0.074768,-0.24743
-0.072731,-0.24467
-0.070714,-0.24188
-0.068715,-0.23907
-0.066735,-0.23622
-0.064772,-0.23335
-0.062826,-0.23045
-0.060896,-0.22753
-0.05898,-0.22459
-0.057079,-0.22162
-0.055191,-0.21864
-0.053317,-0.21563
-0.051454,-0.2126
-0.049602,-0.20956
-0.047761,-0.2065
-0.045931,-0.20343
-0.04411,-0.20034
-0.042299,-0.19724
-0.040496,-0.19412
-0.038701,-0.191
-0.036915,-0.18787
-0.035137,-0.18473
-0.033366,-0.18159
-0.031603,-0.17844
-0.029848,-0.17528
-0.0281,-0.17212
-0.026361,-0.16896
-0.024629,-0.1658
-0.022906,-0.16263
-0.021191,-0.15947
-0.019486,-0.15631
-0.017791,-0.15315
-0.016107,-0.15
-0.014433,-0.14685
-0.012772,-0.1437
-0.011123,-0.14056
-0.0094889,-0.13743
-0.0078694,-0.1343
-0.006266,-0.13118
-0.0046799,-0.12807
-0.0031123,-0.12497
-0.0015644,-0.12188
-3.7757e-05,-0.1188
0.0014663,-0.11573
0.0029464,-0.11268
0.004401,-0.10963
0.0058285,-0.1066
0.0072275,-0.10359
0.0085963,-0.10058
0.0099334,-0.097598
0.011237,-0.094627
0.012506,-0.091674
0.013738,-0.088738
0.014933,-0.085821
0.016087,-0.082923
0.017201,-0.080046
0.018272,-0.07719
0.019299,-0.074357
0.02028,-0.071548
0.021215,-0.068764
0.022101,-0.066006
0.022939,-0.063275
0.023725,-0.060574
0.024461,-0.057902
0.025143,-0.055263
0.025773,-0.052658
0.026348,-0.050088
0.026868,-0.047555
0.027333,-0.045061
0.027742,-0.042608
0.028095,-0.040199
0.028391,-0.037834
0.02863,-0.035517
0.028813,-0.03325
0.028939,-0.031035
0.029009,-0.028874
0.029023,-0.02677
0.028981,-0.024725
0.028884,-0.022742
0.028732,-0.020824
0.028528,-0.018973
0.02827,-0.017191
0.027962,-0.015483
0.027603,-0.013849
0.027194,-0.012293
0.026739,-0.010818
0.026236,-0.0094266
0.02569,-0.0081209
0.0251,-0.0069038
0.024469,-0.005778
0.023799,-0.004746
0.023091,-0.0038103
0.022348,-0.0029734
0.021571,-0.0022377
0.020763,-0.0016053
0.019925,-0.0010786
0.01906,-0.00065946
0.018171,-0.00034998
0.017258,-0.00015197
0.016326,-6.7118e-05
0.015375,-9.6985e-05
0.014408,-0.00024298
0.013428,-0.00050636
0.012436,-0.0008882
0.011435,-0.0013894
0.010427,-0.0020108
0.0094145,-0.0027528
0.0083993,-0.0036158
0.0073837,-0.0046
0.0063696,-0.0057054
0.005359,-0.0069317
0.004354,-0.0082784
0.0033565,-0.009745
0.0023681,-0.011331
0.0013907,-0.013034
0.00042593,-0.014854
-0.00052462,-0.016789
-0.0014594,-0.018838
-0.0023771,-0.020998
-0.0032764,-0.023267
-0.0041559,-0.025644
-0.0050145,-0.028126
-0.0058512,-0.030709
-0.006665,-0.033392
-0.007455,-0.03617
-0.0082204,-0.039042
-0.0089605,-0.042003
-0.0096747,-0.04505
-0.010362,-0.04818
-0.011023,-0.051389
-0.011657,-0.054672
-0.012263,-0.058026
-0.012841,-0.061447
-0.013391,-0.064931
-0.013913,-0.068472
-0.014408,-0.072068
-0.014874,-0.075714
-0.015312,-0.079405
-0.015722,-0.083137
-0.016104,-0.086905
-0.016459,-0.090706
-0.016787,-0.094534
-0.017088,-0.098386
-0.017362,-0.10226
-0.017609,-0.10614
-0.01783,-0.11004
-0.018026,-0.11394
-0.018196,-0.11785
-0.01834,-0.12175
-0.01846,-0.12565
-0.018555,-0.12954
-0.018625,-0.13341
-0.018671,-0.13728
-0.018693,-0.14112
-0.018692,-0.14494
-0.018666,-0.14873
-0.018616,-0.1525
-0.018543,-0.15623
-0.018446,-0.15993
-0.018326,-0.1636
-0.018181,-0.16723
-0.018013,-0.17082
-0.01782,-0.17437
-0.017603,-0.17787
-0.017362,-0.18133
-0.017095,-0.18475
-0.016803,-0.18812
-0.016484,-0.19144
-0.01614,-0.19472
-0.015768,-0.19794
-0.015369,-0.20112
-0.014942,-0.20425
-0.014487,-0.20734
-0.014001,-0.21037
-0.013486,-0.21336
-0.01294,-0.2163
-0.012362,-0.21919
-0.011752,-0.22204
-0.011109,-0.22484
-0.010432,-0.22759
-0.0097207,-0.23031
-0.0089737,-0.23298
-0.0081906,-0.23561
-0.0073707,-0.2382
-0.0065131,-0.24075
-0.0056173,-0.24326
-0.0046826,-0.24574
-0.0037084,-0.24818
-0.002694,-0.25058
-0.0016391,-0.25296
-0.00054311,-0.2553
0.00059436,-0.25762
0.0017736,-0.2599
0.002995,-0.26216
0.0042587,-0.26439
0.0055647,-0.26659
0.0069132,-0.26877
0.0083042,-0.27092
0.0097374,-0.27305
0.011213,-0.27516
0.01273,-0.27724
0.014288,-0.2793
0.015888,-0.28134
0.017527,-0.28336
0.019207,-0.28535
0.020925,-0.28733
0.022681,-0.28928
0.024475,-0.29121
0.026304,-0.29311
0.028169,-0.295
0.030067,-0.29686
0.031998,-0.29869
0.03396,-0.3005
0.035952,-0.30228
0.037972,-0.30403
0.040019,-0.30576
0.042091,-0.30745
0.044187,-0.30911
0.046304,-0.31074
0.048441,-0.31233
0.050597,-0.31389
0.05277,-0.31541
0.054957,-0.31689
0.057157,-0.31834
0.059368,-0.31973
0.061589,-0.32109
0.063817,-0.3224
0.066052,-0.32366
0.068291,-0.32488
0.070532,-0.32604
0.072774,-0.32716
0.075016,-0.32822
0.077256,-0.32923
0.079493,-0.33018
0.081724,-0.33108
0.083951,-0.33193
0.08617,-0.33272
0.088381,-0.33345
0.090583,-0.33413
0.092776,-0.33474
0.094959,-0.33531
0.097131,-0.33581
0.099292,-0.33626
0.10144,-0.33666
0.10358,-0.337
0.10571,-0.33729
0.10783,-0.33753
0.10993,-0.33772
0.11203,-0.33786
0.11412,-0.33796
0.1162,-0.33802
0.11827,-0.33803
0.12034,-0.33802
0.12241,-0.33796
0.12447,-0.33788
0.12653,-0.33778
0.12859,-0.33765
0.13066,-0.3375
0.13273,-0.33735
0.13481,-0.33718
0.1369,-0.33701
0.139,-0.33685
0.14112,-0.3367
0.14326,-0.33655
0.14542,-0.33643
0.14761,-0.33634
0.14983,-0.33628
0.15207,-0.33625
0.15436,-0.33627
0.15668,-0.33635
0.15905,-0.33648
0.16146,-0.33668
0.16392,-0.33695
0.16644,-0.3373
0.16901,-0.33773
0.17165,-0.33826
0.17435,-0.33889
0.17712,-0.33962
0.17996,-0.34047
0.18288,-0.34144
0.18587,-0.34254
0.18895,-0.34377
0.19212,-0.34515
0.19538,-0.34666
0.19873,-0.34834
0.20217,-0.35017
0.20572,-0.35217
0.20937,-0.35433
0.21312,-0.35667
