0.0090168,-0.01085
0.0062489,-0.0021163
0.0033892,0.0065004
0.00044729,0.014997
-0.0025676,0.023371
-0.0056461,0.031618
-0.0087793,0.039738
-0.011958,0.047728
-0.015175,0.055588
-0.01842,0.063316
-0.021687,0.070912
-0.024968,0.078378
-0.028255,0.085712
-0.031544,0.092917
-0.034826,0.099992
-0.038098,0.10694
-0.041355,0.11377
-0.044591,0.12047
-0.047804,0.12705
-0.05099,0.13351
-0.054147,0.13986
-0.057273,0.1461
-0.060367,0.15223
-0.063428,0.15825
-0.066457,0.16417
-0.069454,0.17
-0.072419,0.17573
-0.075356,0.18137
-0.078265,0.18692
-0.08115,0.19239
-0.084014,0.19778
-0.086861,0.2031
-0.089693,0.20833
-0.092517,0.2135
-0.095336,0.2186
-0.098156,0.22364
-0.10098,0.22862
-0.10382,0.23353
-0.10667,0.23839
-0.10954,0.2432
-0.11244,0.24795
-0.11538,0.25264
-0.11835,0.25729
-0.12136,0.26189
-0.12443,0.26644
-0.12754,0.27095
-0.13072,0.2754
-0.13395,0.27981
-0.13726,0.28417
-0.14063,0.28848
-0.14408,0.29274
-0.14761,0.29695
-0.15121,0.30111
-0.1549,0.30522
-0.15867,0.30927
-0.16252,0.31326
-0.16646,0.3172
-0.17049,0.32107
-0.1746,0.32488
-0.1788,0.32862
-0.18308,0.3323
-0.18745,0.3359
-0.19189,0.33942
-0.19641,0.34287
-0.20101,0.34623
-0.20568,0.3495
-0.21042,0.35269
-0.21522,0.35578
-0.22009,0.35877
-0.22501,0.36166
-0.22999,0.36444
-0.23501,0.36711
-0.24007,0.36967
-0.24518,0.37211
-0.25031,0.37443
-0.25547,0.37662
-0.26066,0.37868
-0.26587,0.38061
-0.27108,0.3824
-0.27631,0.38405
-0.28154,0.38555
-0.28677,0.3869
-0.29199,0.3881
-0.29721,0.38915
-0.30241,0.39003
-0.3076,0.39075
-0.31276,0.39131
-0.31791,0.3917
-0.32302,0.39192
-0.32811,0.39196
-0.33317,0.39183
-0.3382,0.39152
-0.3432,0.39104
-0.34816,0.39037
-0.35309,0.38952
-0.35798,0.38849
-0.36283,0.38728
-0.36764,0.38588
-0.37242,0.3843
-0.37716,0.38253
-0.38187,0.38058
-0.38654,0.37845
-0.39117,0.37614
-0.39577,0.37364
-0.40033,0.37097
-0.40486,0.36812
-0.40936,0.3651
-0.41382,0.36191
-0.41825,0.35855
-0.42266,0.35502
-0.42702,0.35134
-0.43136,0.3475
-0.43567,0.3435
-0.43995,0.33936
-0.44419,0.33508
-0.4484,0.33065
-0.45259,0.3261
-0.45673,0.32142
-0.46085,0.31663
-0.46493,0.31172
-0.46897,0.3067
-0.47297,0.30159
-0.47693,0.29638
-0.48085,0.29109
-0.48472,0.28572
-0.48855,0.28028
-0.49232,0.27478
-0.49605,0.26922
-0.49971,0.26362
-0.50332,0.25797
-0.50687,0.2523
-0.51035,0.24659
-0.51376,0.24088
-0.51711,0.23515
-0.52038,0.22941
-0.52358,0.22369
-0.52669,0.21797
-0.52973,0.21227
-0.53268,0.20659
-0.53555,0.20094
-0.53833,0.19532
-0.54102,0.18975
-0.54363,0.18422
-0.54614,0.17873
-0.54856,0.1733
-0.55089,0.16792
-0.55312,0.1626
-0.55527,0.15734
-0.55733,0.15214
-0.55929,0.14701
-0.56117,0.14194
-0.56296,0.13693
-0.56467,0.13199
-0.56629,0.12711
-0.56784,0.12229
-0.56931,0.11753
-0.5707,0.11283
-0.57203,0.10818
-0.57329,0.10359
-0.57449,0.09904
-0.57563,0.094535
-0.57672,0.090069
-0.57776,0.085637
-0.57875,0.081234
-0.5797,0.076855
-0.58061,0.072493
-0.58149,0.068143
-0.58234,0.063799
-0.58317,0.059455
-0.58397,0.055105
-0.58476,0.050741
-0.58553,0.046359
-0.58629,0.041952
-0.58704,0.037514
-0.58779,0.033039
-0.58853,0.028521
-0.58926,0.023955
-0.58999,0.019335
-0.59072,0.014658
-0.59145,0.0099172
-0.59218,0.0051099
-0.59291,0.00023216
-0.59363,-0.0047195
-0.59435,-0.0097477
-0.59506,-0.014855
-0.59577,-0.020043
-0.59646,-0.025313
-0.59714,-0.030665
-0.59781,-0.036101
-0.59845,-0.041619
-0.59907,-0.047219
-0.59966,-0.052899
-0.60022,-0.058656
-0.60074,-0.06449
-0.60121,-0.070396
-0.60164,-0.076371
-0.60202,-0.082411
-0.60234,-0.088511
-0.6026,-0.094667
-0.60279,-0.10087
-0.60291,-0.10712
-0.60295,-0.11341
-0.60291,-0.11973
-0.60278,-0.12608
-0.60256,-0.13245
-0.60225,-0.13883
-0.60183,-0.14521
-0.60132,-0.1516
-0.60069,-0.15797
-0.59996,-0.16433
-0.59911,-0.17067
-0.59815,-0.17697
-0.59707,-0.18324
-0.59588,-0.18947
-0.59456,-0.19565
-0.59312,-0.20177
-0.59156,-0.20784
-0.58988,-0.21383
-0.58808,-0.21975
-0.58616,-0.2256
-0.58412,-0.23137
-0.58196,-0.23705
-0.57968,-0.24264
-0.57729,-0.24814
-0.57478,-0.25354
-0.57216,-0.25885
-0.56944,-0.26406
-0.56661,-0.26917
-0.56368,-0.27417
-0.56065,-0.27908
-0.55753,-0.28388
-0.55432,-0.28858
-0.55101,-0.29317
-0.54763,-0.29766
-0.54416,-0.30205
-0.54062,-0.30635
-0.537,-0.31054
-0.53331,-0.31464
-0.52956,-0.31864
-0.52575,-0.32255
-0.52188,-0.32637
-0.51796,-0.3301
-0.51398,-0.33375
-0.50995,-0.33731
-0.50588,-0.34079
-0.50177,-0.3442
-0.49762,-0.34752
-0.49343,-0.35077
-0.4892,-0.35395
-0.48495,-0.35706
-0.48066,-0.36009
-0.47634,-0.36306
-0.472,-0.36597
-0.46763,-0.3688
-0.46324,-0.37157
-0.45883,-0.37428
-0.45439,-0.37692
-0.44994,-0.3795
-0.44546,-0.38202
-0.44097,-0.38447
-0.43646,-0.38685
-0.43193,-0.38917
-0.42738,-0.39142
-0.42281,-0.3936
-0.41823,-0.39571
-0.41363,-0.39774
-0.40901,-0.39971
-0.40438,-0.40159
-0.39973,-0.4034
-0.39506,-0.40513
-0.39038,-0.40678
-0.38568,-0.40834
-0.38096,-0.40982
-0.37623,-0.4112
-0.37147,-0.4125
-0.3667,-0.4137
-0.36191,-0.4148
-0.35711,-0.41581
-0.35228,-0.41672
-0.34744,-0.41753
-0.34258,-0.41824
-0.33771,-0.41884
-0.33281,-0.41934
-0.3279,-0.41974
-0.32297,-0.42002
-0.31803,-0.42021
-0.31307,-0.42028
-0.30809,-0.42025
-0.30309,-0.42011
-0.29808,-0.41987
-0.29306,-0.41952
-0.28802,-0.41906
-0.28297,-0.41851
-0.2779,-0.41785
-0.27282,-0.41708
-0.26774,-0.41622
-0.26264,-0.41526
-0.25754,-0.4142
-0.25242,-0.41305
-0.24731,-0.4118
-0.24219,-0.41046
-0.23706,-0.40902
-0.23194,-0.4075
-0.22682,-0.40589
-0.2217,-0.40419
-0.21659,-0.40241
-0.21148,-0.40053
-0.20639,-0.39858
-0.20131,-0.39654
-0.19625,-0.39442
-0.1912,-0.39221
-0.18618,-0.38992
-0.18119,-0.38755
-0.17622,-0.38509
-0.17129,-0.38254
-0.16639,-0.37991
-0.16153,-0.37719
-0.15671,-0.37439
-0.15195,-0.37149
-0.14723,-0.3685
-0.14256,-0.36541
-0.13796,-0.36222
-0.13341,-0.35894
-0.12894,-0.35555
-0.12453,-0.35206
-0.12019,-0.34845
-0.11593,-0.34474
-0.11175,-0.34092
-0.10766,-0.33697
-0.10365,-0.33291
-0.099728,-0.32873
-0.095901,-0.32442
-0.092169,-0.31999
-0.088534,-0.31543
-0.084998,-0.31074
-0.081564,-0.30592
-0.078233,-0.30097
-0.075006,-0.29589
-0.071885,-0.29068
-0.068868,-0.28534
-0.065958,-0.27987
-0.063154,-0.27428
-0.060456,-0.26856
-0.057862,-0.26272
-0.055373,-0.25676
-0.052986,-0.25069
-0.050701,-0.24451
-0.048514,-0.23823
-0.046424,-0.23186
-0.044429,-0.2254
-0.042524,-0.21885
-0.040708,-0.21224
-0.038978,-0.20556
-0.037328,-0.19883
-0.035757,-0.19206
-0.03426,-0.18526
-0.032833,-0.17844
-0.031472,-0.17162
-0.030173,-0.16479
-0.028931,-0.15799
-0.027744,-0.15122
-0.026607,-0.1445
-0.025515,-0.13784
-0.024465,-0.13125
-0.023453,-0.12475
-0.022475,-0.11835
-0.021528,-0.11208
-0.020609,-0.10594
-0.019714,-0.099945
-0.018841,-0.094114
-0.017988,-0.088461
-0.017152,-0.083
-0.016331,-0.077743
-0.015523,-0.072705
-0.014728,-0.067898
-0.013944,-0.063336
-0.013172,-0.059029
-0.012409,-0.054989
-0.011658,-0.051227
-0.010917,-0.047752
-0.010188,-0.044575
-0.0094714,-0.041703
-0.0087686,-0.039143
-0.0080809,-0.036904
-0.0074102,-0.03499
-0.0067582,-0.033407
-0.006127,-0.032159
-0.0055188,-0.031248
-0.0049359,-0.030679
-0.0043806,-0.03045
-0.0038553,-0.030564
-0.0033625,-0.03102
-0.0029044,-0.031815
-0.0024833,-0.032949
-0.0021014,-0.034417
-0.0017607,-0.036216
-0.001463,-0.03834
-0.00121,-0.040785
-0.0010029,-0.043543
-0.00084286,-0.046607
-0.00073064,-0.049969
-0.00066662,-0.053621
-0.00065086,-0.057554
-0.00068302,-0.061756
-0.00076235,-0.066219
-0.00088771,-0.070931
-0.0010575,-0.07588
-0.0012697,-0.081056
-0.0015218,-0.086445
-0.001811,-0.092035
-0.0021339,-0.097814
-0.0024867,-0.10377
-0.0028653,-0.10989
-0.0032651,-0.11615
-0.0036811,-0.12255
-0.0041081,-0.12908
-0.0045403,-0.13571
-0.0049718,-0.14244
-0.0053965,-0.14925
-0.0058078,-0.15613
-0.0061991,-0.16307
-0.0065636,-0.17005
-0.0068943,-0.17705
-0.0071844,-0.18408
-0.0074267,-0.19112
-0.0076142,-0.19815
-0.0077399,-0.20516
-0.007797,-0.21214
-0.0077788,-0.21908
-0.0076786,-0.22597
-0.0074902,-0.23281
-0.0072075,-0.23957
-0.0068247,-0.24626
-0.0063364,-0.25285
-0.0057375,-0.25936
-0.0050235,-0.26575
-0.00419,-0.27204
-0.0032332,-0.27821
-0.0021498,-0.28425
-0.00093707,-0.29016
0.00040748,-0.29593
0.0018857,-0.30156
0.0034988,-0.30705
0.0052479,-0.31238
0.0071331,-0.31756
0.0091543,-0.32258
0.011311,-0.32743
0.013602,-0.33212
0.016026,-0.33665
0.018581,-0.341
0.021264,-0.34519
0.024074,-0.34921
0.027006,-0.35305
0.030058,-0.35672
0.033226,-0.36023
0.036507,-0.36356
0.039896,-0.36672
0.043389,-0.36971
0.046983,-0.37254
0.050673,-0.37521
0.054455,-0.37771
0.058325,-0.38005
0.062279,-0.38224
0.066313,-0.38428
0.070424,-0.38617
0.074607,-0.38792
0.078861,-0.38952
0.083181,-0.39099
0.087565,-0.39233
0.092011,-0.39355
0.096518,-0.39465
0.10108,-0.39563
0.10571,-0.39651
0.11038,-0.39728
0.11512,-0.39796
0.11991,-0.39855
0.12476,-0.39906
0.12967,-0.39949
0.13464,-0.39985
0.13967,-0.40015
0.14477,-0.40039
0.14993,-0.40058
0.15517,-0.40073
0.16048,-0.40085
0.16586,-0.40094
0.17133,-0.401
0.17688,-0.40105
0.18253,-0.40109
0.18826,-0.40113
0.1941,-0.40117
0.20004,-0.40122
0.2061,-0.40129
0.21226,-0.40137
0.21854,-0.40148
0.22495,-0.40163
0.23148,-0.40181
0.23815,-0.40202
0.24495,-0.40229
0.25188,-0.40259
