-0.0015107,0.013038
-0.0022739,0.017163
-0.0027896,0.021122
-0.0030659,0.024925
-0.0031113,0.028578
-0.0029347,0.032093
-0.0025456,0.035477
-0.0019538,0.038741
-0.0011694,0.041894
-0.00020284,0.044948
0.00093511,0.047912
0.0022335,0.050796
0.003681,0.053612
0.0052664,0.056371
0.0069781,0.059083
0.0088046,0.061759
0.010734,0.064409
0.012755,0.067045
0.014856,0.069677
0.017024,0.072315
0.019249,0.07497
0.02152,0.077651
0.023824,0.080368
0.026151,0.08313
0.02849,0.085946
0.03083,0.088825
0.033161,0.091775
0.035473,0.094803
0.037756,0.097917
0.04,0.10112
0.042197,0.10443
0.044339,0.10784
0.046416,0.11135
0.04842,0.11499
0.050346,0.11873
0.052185,0.1226
0.05393,0.1266
0.055577,0.13072
0.057119,0.13496
0.058552,0.13933
0.05987,0.14384
0.061069,0.14847
0.062146,0.15322
0.063097,0.1581
0.063919,0.16311
0.064611,0.16823
0.06517,0.17347
0.065595,0.17883
0.065884,0.18429
0.066037,0.18986
0.066054,0.19552
0.065935,0.20128
0.065679,0.20713
0.065288,0.21305
0.064763,0.21905
0.064104,0.22512
0.063315,0.23125
0.062396,0.23742
0.06135,0.24365
0.060178,0.2499
0.058884,0.25619
0.05747,0.26249
0.055939,0.26881
0.054293,0.27512
0.052537,0.28143
0.050672,0.28773
0.048701,0.29401
0.046629,0.30025
0.044459,0.30645
0.042193,0.31261
0.039834,0.31872
0.037387,0.32476
0.034854,0.33074
0.032238,0.33663
0.029542,0.34245
0.026769,0.34818
0.023922,0.35381
0.021004,0.35934
0.018017,0.36477
0.014964,0.37009
0.011848,0.37529
0.0086702,0.38037
0.0054331,0.38533
0.0021389,0.39017
-0.0012106,0.39488
-0.0046135,0.39946
-0.0080682,0.4039
-0.011573,0.40821
-0.015127,0.41239
-0.018729,0.41644
-0.022376,0.42034
-0.026069,0.42412
-0.029807,0.42775
-0.033587,0.43126
-0.037411,0.43463
-0.041276,0.43787
-0.045182,0.44098
-0.049129,0.44397
-0.053116,0.44683
-0.057142,0.44958
-0.061208,0.4522
-0.065311,0.45471
-0.069453,0.45711
-0.073633,0.4594
-0.077849,0.46158
-0.082103,0.46367
-0.086392,0.46566
-0.090718,0.46755
-0.095078,0.46936
-0.099473,0.47108
-0.1039,0.47272
-0.10836,0.47428
-0.11286,0.47577
-0.11739,0.47718
-0.12194,0.47853
-0.12653,0.47982
-0.13115,0.48104
-0.13579,0.4822
-0.14046,0.48331
-0.14516,0.48437
-0.14988,0.48537
-0.15462,0.48632
-0.15939,0.48722
-0.16418,0.48808
-0.16898,0.48889
-0.1738,0.48965
-0.17864,0.49037
-0.18349,0.49104
-0.18835,0.49167
-0.19322,0.49225
-0.19811,0.49278
-0.20299,0.49326
-0.20789,0.49368
-0.21278,0.49406
-0.21768,0.49438
-0.22257,0.49464
-0.22747,0.49484
-0.23236,0.49498
-0.23724,0.49505
-0.24211,0.49504
-0.24698,0.49497
-0.25183,0.49481
-0.25667,0.49457
-0.26149,0.49424
-0.2663,0.49383
-0.27108,0.49331
-0.27585,0.4927
-0.2806,0.49198
-0.28532,0.49114
-0.29002,0.4902
-0.29469,0.48914
-0.29933,0.48795
-0.30394,0.48663
-0.30853,0.48518
-0.31308,0.4836
-0.3176,0.48187
-0.32208,0.48001
-0.32653,0.47799
-0.33095,0.47582
-0.33533,0.4735
-0.33966,0.47102
-0.34397,0.46838
-0.34823,0.46558
-0.35245,0.46262
-0.35662,0.45949
-0.36076,0.4562
-0.36485,0.45274
-0.3689,0.44912
-0.3729,0.44533
-0.37686,0.44137
-0.38077,0.43725
-0.38463,0.43296
-0.38845,0.42852
-0.39222,0.42392
-0.39593,0.41916
-0.3996,0.41424
-0.40321,0.40918
-0.40678,0.40398
-0.41029,0.39863
-0.41374,0.39315
-0.41714,0.38754
-0.42049,0.3818
-0.42378,0.37594
-0.42701,0.36998
-0.43019,0.3639
-0.43331,0.35773
-0.43636,0.35147
-0.43936,0.34512
-0.4423,0.3387
-0.44518,0.33221
-0.44799,0.32566
-0.45074,0.31905
-0.45343,0.3124
-0.45605,0.30572
-0.45861,0.29901
-0.46111,0.29228
-0.46353,0.28554
-0.4659,0.27879
-0.4682,0.27206
-0.47043,0.26533
-0.4726,0.25863
-0.4747,0.25195
-0.47673,0.24531
-0.4787,0.23872
-0.4806,0.23217
-0.48244,0.22568
-0.48422,0.21926
-0.48593,0.2129
-0.48758,0.20662
-0.48916,0.20041
-0.49069,0.19429
-0.49215,0.18826
-0.49356,0.18232
-0.49491,0.17647
-0.4962,0.17072
-0.49743,0.16507
-0.49861,0.15951
-0.49974,0.15406
-0.50083,0.14872
-0.50186,0.14347
-0.50284,0.13833
-0.50378,0.13329
-0.50468,0.12835
-0.50554,0.1235
-0.50636,0.11875
-0.50714,0.11409
-0.50789,0.10952
-0.50861,0.10503
-0.50929,0.10063
-0.50995,0.096296
-0.51058,0.092036
-0.51119,0.087841
-0.51178,0.083705
-0.51234,0.079623
-0.51289,0.075588
-0.51343,0.071594
-0.51394,0.067634
-0.51445,0.063701
-0.51494,0.05979
-0.51543,0.055891
-0.51591,0.052
-0.51638,0.048109
-0.51684,0.04421
-0.5173,0.040298
-0.51775,0.036365
-0.5182,0.032404
-0.51865,0.02841
-0.51909,0.024377
-0.51953,0.020298
-0.51997,0.016167
-0.52041,0.01198
-0.52084,0.0077319
-0.52127,0.0034172
-0.5217,-0.00096787
-0.52212,-0.0054271
-0.52253,-0.009964
-0.52294,-0.014581
-0.52335,-0.019282
-0.52374,-0.024067
-0.52412,-0.028939
-0.52449,-0.033899
-0.52485,-0.038947
-0.5252,-0.044083
-0.52552,-0.049306
-0.52583,-0.054617
-0.52612,-0.060013
-0.52638,-0.065493
-0.52662,-0.071053
-0.52683,-0.076693
-0.52701,-0.082407
-0.52716,-0.088193
-0.52728,-0.094047
-0.52737,-0.099964
-0.52741,-0.10594
-0.52742,-0.11197
-0.52738,-0.11805
-0.5273,-0.12417
-0.52717,-0.13032
-0.527,-0.13651
-0.52677,-0.14273
-0.5265,-0.14896
-0.52617,-0.1552
-0.52578,-0.16145
-0.52534,-0.1677
-0.52484,-0.17394
-0.52428,-0.18017
-0.52366,-0.18638
-0.52298,-0.19257
-0.52223,-0.19872
-0.52142,-0.20483
-0.52055,-0.2109
-0.51961,-0.21692
-0.5186,-0.22289
-0.51753,-0.22879
-0.51639,-0.23463
-0.51518,-0.24041
-0.5139,-0.24611
-0.51256,-0.25173
-0.51115,-0.25727
-0.50967,-0.26273
-0.50813,-0.2681
-0.50652,-0.27338
-0.50484,-0.27857
-0.50309,-0.28367
-0.50128,-0.28867
-0.4994,-0.29358
-0.49746,-0.29839
-0.49546,-0.3031
-0.49339,-0.30772
-0.49126,-0.31223
-0.48906,-0.31665
-0.48681,-0.32098
-0.48449,-0.3252
-0.48211,-0.32933
-0.47968,-0.33337
-0.47719,-0.33731
-0.47463,-0.34117
-0.47203,-0.34493
-0.46936,-0.3486
-0.46664,-0.35219
-0.46387,-0.35569
-0.46104,-0.35911
-0.45816,-0.36245
-0.45523,-0.36571
-0.45225,-0.36888
-0.44921,-0.37199
-0.44613,-0.37501
-0.44299,-0.37797
-0.4398,-0.38085
-0.43657,-0.38366
-0.43329,-0.38639
-0.42996,-0.38906
-0.42658,-0.39166
-0.42316,-0.39419
-0.41969,-0.39665
-0.41618,-0.39904
-0.41262,-0.40136
-0.40901,-0.40361
-0.40536,-0.40579
-0.40167,-0.4079
-0.39794,-0.40993
-0.39417,-0.41189
-0.39035,-0.41378
-0.38649,-0.41559
-0.3826,-0.41732
-0.37866,-0.41897
-0.37469,-0.42053
-0.37068,-0.42202
-0.36663,-0.42342
-0.36255,-0.42472
-0.35843,-0.42594
-0.35429,-0.42707
-0.3501,-0.4281
-0.34589,-0.42903
-0.34165,-0.42986
-0.33738,-0.4306
-0.33309,-0.43123
-0.32877,-0.43175
-0.32443,-0.43217
-0.32006,-0.43249
-0.31568,-0.43269
-0.31127,-0.43279
-0.30685,-0.43277
-0.30242,-0.43264
-0.29797,-0.43241
-0.29351,-0.43206
-0.28904,-0.4316
-0.28456,-0.43103
-0.28008,-0.43035
-0.2756,-0.42956
-0.27111,-0.42866
-0.26663,-0.42766
-0.26215,-0.42655
-0.25767,-0.42534
-0.2532,-0.42403
-0.24874,-0.42263
-0.2443,-0.42113
-0.23986,-0.41953
-0.23544,-0.41785
-0.23104,-0.41608
-0.22665,-0.41422
-0.22229,-0.41229
-0.21795,-0.41028
-0.21363,-0.40819
-0.20934,-0.40604
-0.20508,-0.40382
-0.20084,-0.40154
-0.19664,-0.3992
-0.19247,-0.3968
-0.18834,-0.39435
-0.18423,-0.39184
-0.18017,-0.38929
-0.17614,-0.38669
-0.17215,-0.38405
-0.1682,-0.38137
-0.1643,-0.37865
-0.16043,-0.37589
-0.1566,-0.3731
-0.15282,-0.37027
-0.14908,-0.3674
-0.14539,-0.3645
-0.14174,-0.36156
-0.13813,-0.35859
-0.13457,-0.35558
-0.13106,-0.35254
-0.12759,-0.34945
-0.12417,-0.34633
-0.12079,-0.34316
-0.11746,-0.33994
-0.11418,-0.33668
-0.11094,-0.33337
-0.10775,-0.33
-0.1046,-0.32658
-0.10151,-0.32309
-0.098452,-0.31954
-0.095445,-0.31593
-0.092483,-0.31224
-0.089567,-0.30848
-0.086695,-0.30464
-0.083868,-0.30072
-0.081086,-0.29671
-0.078348,-0.29261
-0.075654,-0.28843
-0.073004,-0.28414
-0.070397,-0.27976
-0.067833,-0.27528
-0.065312,-0.2707
-0.062834,-0.26602
-0.060398,-0.26123
-0.058004,-0.25634
-0.055653,-0.25134
-0.053343,-0.24624
-0.051074,-0.24104
-0.048847,-0.23574
-0.04666,-0.23033
-0.044515,-0.22484
-0.042411,-0.21925
-0.040346,-0.21357
-0.038323,-0.20781
-0.03634,-0.20198
-0.034396,-0.19607
-0.032493,-0.1901
-0.03063,-0.18408
-0.028807,-0.17801
-0.027023,-0.1719
-0.025279,-0.16577
-0.023575,-0.15962
-0.02191,-0.15346
-0.020284,-0.1473
-0.018698,-0.14116
-0.017151,-0.13505
-0.015643,-0.12898
-0.014174,-0.12297
-0.012745,-0.11703
-0.011354,-0.11116
-0.010002,-0.1054
-0.0086885,-0.099739
-0.0074138,-0.094204
-0.0061776,-0.088807
-0.0049798,-0.083561
-0.0038201,-0.078481
-0.0026986,-0.073579
-0.0016149,-0.068869
-0.00056899,-0.064365
0.00043939,-0.060078
0.0014104,-0.05602
0.0023444,-0.052204
0.0032414,-0.048641
0.0041019,-0.045341
0.004926,-0.042313
0.0057142,-0.039567
0.0064666,-0.03711
0.0071837,-0.034951
0.0078658,-0.033096
0.0085134,-0.03155
0.0091269,-0.030318
0.0097068,-0.029404
0.010254,-0.028811
0.010768,-0.02854
0.01125,-0.028592
0.011701,-0.028967
0.012121,-0.029663
0.012511,-0.030679
0.012872,-0.03201
0.013204,-0.033653
0.013509,-0.035603
0.013787,-0.037853
0.01404,-0.040396
0.014268,-0.043224
0.014472,-0.046329
0.014655,-0.049701
0.014816,-0.053329
0.014957,-0.057203
0.015081,-0.06131
0.015187,-0.06564
0.015278,-0.070178
0.015356,-0.074913
0.015421,-0.07983
0.015477,-0.084915
0.015524,-0.090155
0.015566,-0.095536
0.015603,-0.10104
0.015638,-0.10666
0.015674,-0.11238
0.015713,-0.11817
0.015757,-0.12404
0.015809,-0.12997
0.015871,-0.13593
0.015947,-0.14192
0.016038,-0.14794
0.016149,-0.15395
0.016281,-0.15996
0.016439,-0.16595
0.016625,-0.17191
0.016842,-0.17783
0.017093,-0.1837
0.017383,-0.18952
0.017713,-0.19527
0.018089,-0.20096
0.018512,-0.20657
0.018987,-0.2121
0.019517,-0.21754
0.020105,-0.2229
0.020755,-0.22816
0.021471,-0.23333
0.022255,-0.23841
0.023111,-0.24339
0.024043,-0.24828
0.025053,-0.25307
0.026145,-0.25778
0.027322,-0.26239
0.028586,-0.26692
0.029942,-0.27137
0.03139,-0.27573
0.032935,-0.28003
0.034578,-0.28425
0.036322,-0.2884
0.038169,-0.2925
0.04012,-0.29654
0.042177,-0.30053
0.044342,-0.30447
0.046617,-0.30837
0.049001,-0.31224
0.051495,-0.31607
0.054101,-0.31988
0.056818,-0.32366
0.059647,-0.32743
0.062586,-0.33117
0.065635,-0.3349
0.068793,-0.33862
0.072059,-0.34233
0.075432,-0.34602
0.078908,-0.3497
0.082487,-0.35337
0.086165,-0.35702
0.089939,-0.36065
0.093806,-0.36425
0.097763,-0.36783
0.10181,-0.37137
0.10593,-0.37487
0.11013,-0.37831
0.1144,-0.38169
0.11874,-0.385
0.12315,-0.38823
0.1276,-0.39136
0.13211,-0.39438
0.13666,-0.39728
0.14125,-0.40003
0.14587,-0.40263
0.15051,-0.40506
0.15517,-0.4073
0.15983,-0.40932
0.1645,-0.41112
0.16916,-0.41266
0.17381,-0.41394
0.17844,-0.41492
0.18303,-0.41559
0.18759,-0.41592
0.1921,-0.4159
0.19655,-0.41549
0.20094,-0.41468
0.20526,-0.41345
0.2095,-0.41177
0.21365,-0.40962
0.21771,-0.40698
0.22166,-0.40382
0.2255,-0.40013
0.22922,-0.39589
0.23281,-0.39107
0.23627,-0.38566
0.23959,-0.37964
