0.00067065,0.0021795
-1.7121e-05,0.0053095
-0.00060536,0.00844
-0.0010966,0.011571
-0.0014934,0.014702
-0.0017985,0.017833
-0.0020147,0.020964
-0.002145,0.024095
-0.0021925,0.027226
-0.0021601,0.030357
-0.0020513,0.033488
-0.0018691,0.036619
-0.0016172,0.03975
-0.0012988,0.042881
-0.00091745,0.046013
-0.0004768,0.049144
1.955e-05,0.052276
0.00056794,0.055408
0.0011646,0.058541
0.0018059,0.061674
0.002488,0.064808
0.003207,0.067943
0.0039592,0.071079
0.0047407,0.074216
0.0055476,0.077355
0.0063762,0.080495
0.0072227,0.083636
0.0080831,0.086779
0.0089536,0.089925
0.0098306,0.093072
0.01071,0.096221
0.011589,0.099372
0.012463,0.10253
0.013328,0.10568
0.014182,0.10884
0.01502,0.112
0.015839,0.11517
0.016636,0.11833
0.017408,0.1215
0.01815,0.12467
0.018861,0.12785
0.019536,0.13103
0.020174,0.13421
0.02077,0.13739
0.021323,0.14058
0.021829,0.14376
0.022286,0.14695
0.022692,0.15015
0.023044,0.15334
0.02334,0.15654
0.023577,0.15974
0.023754,0.16294
0.023869,0.16614
0.023919,0.16934
0.023904,0.17254
0.023821,0.17574
0.02367,0.17894
0.023448,0.18214
0.023155,0.18534
0.02279,0.18854
0.022351,0.19174
0.021838,0.19493
0.02125,0.19812
0.020586,0.20131
0.019846,0.20449
0.01903,0.20767
0.018137,0.21084
0.017167,0.21401
0.01612,0.21717
0.014997,0.22032
0.013797,0.22346
0.01252,0.22659
0.011168,0.22972
0.0097405,0.23283
0.0082381,0.23593
0.0066615,0.23902
0.0050116,0.24209
0.0032892,0.24515
0.0014953,0.24819
-0.00036911,0.25122
-0.0023029,0.25423
-0.0043049,0.25723
-0.0063739,0.2602
-0.0085086,0.26315
-0.010708,0.26608
-0.012969,0.26899
-0.015293,0.27188
-0.017676,0.27474
-0.020117,0.27758
-0.022615,0.28039
-0.025168,0.28317
-0.027775,0.28593
-0.030433,0.28865
-0.033141,0.29135
-0.035897,0.29401
-0.0387,0.29664
-0.041547,0.29924
-0.044438,0.3018
-0.047369,0.30433
-0.05034,0.30682
-0.053348,0.30927
-0.056392,0.31169
-0.05947,0.31406
-0.06258,0.3164
-0.065721,0.31869
-0.06889,0.32094
-0.072087,0.32315
-0.075309,0.32531
-0.078555,0.32743
-0.081823,0.3295
-0.085112,0.33153
-0.08842,0.33351
-0.091746,0.33544
-0.095087,0.33732
-0.098444,0.33915
-0.10181,0.34093
-0.1052,0.34266
-0.10859,0.34434
-0.11199,0.34597
-0.1154,0.34754
-0.11882,0.34906
-0.12224,0.35053
-0.12567,0.35194
-0.12911,0.3533
-0.13254,0.3546
-0.13598,0.35585
-0.13942,0.35704
-0.14286,0.35817
-0.1463,0.35925
-0.14974,0.36027
-0.15318,0.36124
-0.15661,0.36214
-0.16005,0.36299
-0.16348,0.36379
-0.1669,0.36452
-0.17032,0.3652
-0.17374,0.36582
-0.17715,0.36638
-0.18056,0.36688
-0.18396,0.36732
-0.18736,0.36771
-0.19074,0.36804
-0.19413,0.36831
-0.1975,0.36853
-0.20087,0.36868
-0.20424,0.36878
-0.20759,0.36882
-0.21094,0.36881
-0.21429,0.36874
-0.21762,0.36861
-0.22095,0.36842
-0.22427,0.36818
-0.22759,0.36788
-0.2309,0.36753
-0.2342,0.36712
-0.23749,0.36666
-0.24077,0.36614
-0.24405,0.36557
-0.24732,0.36494
-0.25059,0.36426
-0.25385,0.36353
-0.2571,0.36274
-0.26034,0.3619
-0.26357,0.36101
-0.2668,0.36007
-0.27002,0.35907
-0.27324,0.35802
-0.27644,0.35692
-0.27964,0.35577
-0.28283,0.35457
-0.28601,0.35332
-0.28918,0.35202
-0.29235,0.35066
-0.2955,0.34926
-0.29865,0.34781
-0.30179,0.34631
-0.30492,0.34476
-0.30804,0.34316
-0.31115,0.34151
-0.31424,0.33981
-0.31733,0.33807
-0.32041,0.33627
-0.32347,0.33443
-0.32653,0.33254
-0.32957,0.3306
-0.33259,0.32861
-0.33561,0.32658
-0.33861,0.3245
-0.34159,0.32237
-0.34456,0.32019
-0.34752,0.31796
-0.35046,0.31569
-0.35338,0.31337
-0.35628,0.311
-0.35917,0.30858
-0.36204,0.30611
-0.36489,0.3036
-0.36772,0.30104
-0.37053,0.29843
-0.37331,0.29577
-0.37608,0.29306
-0.37882,0.2903
-0.38154,0.2875
-0.38424,0.28464
-0.38691,0.28174
-0.38955,0.27879
-0.39217,0.27578
-0.39477,0.27273
-0.39733,0.26963
-0.39987,0.26648
-0.40238,0.26328
-0.40486,0.26003
-0.40731,0.25673
-0.40973,0.25338
-0.41213,0.24998
-0.41448,0.24653
-0.41681,0.24303
-0.41911,0.23948
-0.42137,0.23587
-0.42359,0.23222
-0.42579,0.22852
-0.42795,0.22477
-0.43007,0.22097
-0.43216,0.21712
-0.43421,0.21322
-0.43623,0.20927
-0.43821,0.20527
-0.44015,0.20122
-0.44205,0.19713
-0.44392,0.19299
-0.44575,0.18879
-0.44754,0.18456
-0.44929,0.18027
-0.451,0.17594
-0.45268,0.17156
-0.45431,0.16714
-0.45591,0.16267
-0.45746,0.15816
-0.45898,0.15361
-0.46046,0.14901
-0.46189,0.14438
-0.46329,0.1397
-0.46465,0.13498
-0.46596,0.13023
-0.46724,0.12544
-0.46847,0.12061
-0.46967,0.11575
-0.47082,0.11085
-0.47194,0.10592
-0.47302,0.10096
-0.47405,0.095968
-0.47505,0.090948
-0.476,0.085902
-0.47692,0.080829
-0.47779,0.075733
-0.47863,0.070615
-0.47943,0.065475
-0.48019,0.060317
-0.48091,0.055141
-0.48159,0.04995
-0.48223,0.044744
-0.48283,0.039527
-0.4834,0.034299
-0.48392,0.029063
-0.48441,0.023821
-0.48486,0.018575
-0.48528,0.013326
-0.48565,0.0080766
-0.48599,0.002829
-0.48629,-0.0024151
-0.48656,-0.0076533
-0.48679,-0.012884
-0.48698,-0.018105
-0.48714,-0.023313
-0.48726,-0.028508
-0.48734,-0.033686
-0.48739,-0.038847
-0.48741,-0.043987
-0.48739,-0.049105
-0.48733,-0.054198
-0.48725,-0.059265
-0.48712,-0.064303
-0.48697,-0.069311
-0.48678,-0.074286
-0.48655,-0.079227
-0.4863,-0.084132
-0.48601,-0.088998
-0.48569,-0.093824
-0.48534,-0.098609
-0.48495,-0.10335
-0.48454,-0.10804
-0.48409,-0.11269
-0.48361,-0.11729
-0.4831,-0.12184
-0.48256,-0.12634
-0.482,-0.13078
-0.4814,-0.13517
-0.48077,-0.1395
-0.48012,-0.14378
-0.47943,-0.14799
-0.47872,-0.15215
-0.47798,-0.15625
-0.47722,-0.16028
-0.47642,-0.16425
-0.4756,-0.16816
-0.47476,-0.172
-0.47389,-0.17578
-0.473,-0.17949
-0.47208,-0.18314
-0.47113,-0.18672
-0.47017,-0.19023
-0.46918,-0.19368
-0.46817,-0.19705
-0.46713,-0.20036
-0.46608,-0.20361
-0.46501,-0.20678
-0.46391,-0.20989
-0.46279,-0.21293
-0.46166,-0.2159
-0.46051,-0.21881
-0.45934,-0.22165
-0.45815,-0.22442
-0.45695,-0.22713
-0.45572,-0.22978
-0.45449,-0.23236
-0.45324,-0.23488
-0.45197,-0.23733
-0.45069,-0.23973
-0.4494,-0.24206
-0.4481,-0.24434
-0.44678,-0.24656
-0.44545,-0.24872
-0.44411,-0.25083
-0.44276,-0.25288
-0.44141,-0.25488
-0.44004,-0.25683
-0.43866,-0.25872
-0.43728,-0.26057
-0.43589,-0.26238
-0.43449,-0.26413
-0.43308,-0.26585
-0.43167,-0.26752
-0.43026,-0.26915
-0.42884,-0.27074
-0.42741,-0.27229
-0.42599,-0.27381
-0.42455,-0.27529
-0.42312,-0.27674
-0.42168,-0.27816
-0.42024,-0.27956
-0.4188,-0.28092
-0.41735,-0.28226
-0.4159,-0.28357
-0.41446,-0.28486
-0.41301,-0.28612
-0.41156,-0.28737
-0.4101,-0.2886
-0.40865,-0.28981
-0.4072,-0.29101
-0.40575,-0.29219
-0.40429,-0.29336
-0.40284,-0.29452
-0.40138,-0.29567
-0.39993,-0.2968
-0.39847,-0.29793
-0.39701,-0.29905
-0.39556,-0.30017
-0.3941,-0.30128
-0.39263,-0.30239
-0.39117,-0.30349
-0.38971,-0.30459
-0.38824,-0.30569
-0.38677,-0.30678
-0.38529,-0.30788
-0.38382,-0.30897
-0.38234,-0.31006
-0.38085,-0.31116
-0.37936,-0.31225
-0.37787,-0.31334
-0.37637,-0.31444
-0.37486,-0.31553
-0.37335,-0.31662
-0.37183,-0.31772
-0.3703,-0.31881
-0.36876,-0.31991
-0.36722,-0.321
-0.36566,-0.32209
-0.36409,-0.32319
-0.36252,-0.32427
-0.36093,-0.32536
-0.35933,-0.32644
-0.35771,-0.32752
-0.35609,-0.3286
-0.35445,-0.32967
-0.35279,-0.33073
-0.35112,-0.33178
-0.34944,-0.33283
-0.34773,-0.33387
-0.34602,-0.33489
-0.34428,-0.33591
-0.34252,-0.33691
-0.34075,-0.3379
-0.33896,-0.33888
-0.33715,-0.33984
-0.33532,-0.34078
-0.33347,-0.3417
-0.3316,-0.34261
-0.3297,-0.34349
-0.32779,-0.34435
-0.32585,-0.34519
-0.3239,-0.34601
-0.32192,-0.3468
-0.31992,-0.34756
-0.31789,-0.3483
-0.31584,-0.349
-0.31378,-0.34968
-0.31168,-0.35032
-0.30957,-0.35094
-0.30743,-0.35152
-0.30527,-0.35206
-0.30309,-0.35257
-0.30089,-0.35305
-0.29866,-0.35348
-0.29642,-0.35388
-0.29415,-0.35424
-0.29186,-0.35457
-0.28955,-0.35485
-0.28722,-0.35509
-0.28487,-0.35529
-0.28251,-0.35545
-0.28012,-0.35556
-0.27771,-0.35564
-0.27529,-0.35567
-0.27285,-0.35566
-0.2704,-0.3556
-0.26793,-0.3555
-0.26545,-0.35536
-0.26295,-0.35517
-0.26044,-0.35494
-0.25792,-0.35467
-0.25539,-0.35435
-0.25284,-0.35399
-0.25029,-0.35359
-0.24773,-0.35314
-0.24517,-0.35265
-0.24259,-0.35212
-0.24002,-0.35155
-0.23743,-0.35093
-0.23485,-0.35028
-0.23226,-0.34959
-0.22968,-0.34886
-0.22709,-0.34809
-0.22451,-0.34728
-0.22192,-0.34643
-0.21934,-0.34555
-0.21677,-0.34464
-0.2142,-0.34369
-0.21164,-0.3427
-0.20908,-0.34169
-0.20654,-0.34064
-0.204,-0.33956
-0.20148,-0.33846
-0.19897,-0.33732
-0.19647,-0.33616
-0.19398,-0.33497
-0.19151,-0.33375
-0.18906,-0.33251
-0.18662,-0.33125
-0.18419,-0.32996
-0.18179,-0.32865
-0.17941,-0.32732
-0.17704,-0.32597
-0.1747,-0.3246
-0.17237,-0.32321
-0.17007,-0.32181
-0.16779,-0.32039
-0.16554,-0.31895
-0.1633,-0.3175
-0.16109,-0.31603
-0.15891,-0.31455
-0.15675,-0.31305
-0.15461,-0.31154
-0.1525,-0.31002
-0.15042,-0.30849
-0.14836,-0.30695
-0.14632,-0.30539
-0.14432,-0.30383
-0.14234,-0.30225
-0.14038,-0.30067
-0.13845,-0.29907
-0.13655,-0.29746
-0.13468,-0.29585
-0.13283,-0.29422
-0.131,-0.29258
-0.1292,-0.29093
-0.12743,-0.28927
-0.12568,-0.2876
-0.12396,-0.28592
-0.12226,-0.28423
-0.12059,-0.28253
-0.11894,-0.28081
-0.11731,-0.27908
-0.11571,-0.27733
-0.11412,-0.27558
-0.11256,-0.2738
-0.11103,-0.27201
-0.10951,-0.27021
-0.10801,-0.26839
-0.10654,-0.26655
-0.10508,-0.2647
-0.10364,-0.26282
-0.10222,-0.26092
-0.10082,-0.25901
-0.09943,-0.25707
-0.09806,-0.25511
-0.096706,-0.25313
-0.095367,-0.25112
-0.094042,-0.24909
-0.092731,-0.24704
-0.091433,-0.24495
-0.090147,-0.24284
-0.088874,-0.24071
-0.087612,-0.23854
-0.086361,-0.23635
-0.08512,-0.23412
-0.083889,-0.23187
-0.082667,-0.22958
-0.081454,-0.22726
-0.080249,-0.22491
-0.079051,-0.22253
-0.077862,-0.22012
-0.076679,-0.21767
-0.075502,-0.21519
-0.074332,-0.21268
-0.073167,-0.21013
-0.072008,-0.20755
-0.070854,-0.20494
-0.069705,-0.20229
-0.068561,-0.19961
-0.067421,-0.1969
-0.066286,-0.19416
-0.065155,-0.19138
-0.064028,-0.18857
-0.062905,-0.18574
-0.061786,-0.18287
-0.06067,-0.17997
-0.059559,-0.17705
-0.058452,-0.17409
-0.057349,-0.17112
-0.05625,-0.16811
-0.055156,-0.16509
-0.054066,-0.16204
-0.05298,-0.15897
-0.0519,-0.15588
-0.050825,-0.15278
-0.049755,-0.14966
-0.04869,-0.14653
-0.047632,-0.14338
-0.04658,-0.14022
-0.045535,-0.13706
-0.044497,-0.13389
-0.043466,-0.13072
-0.042444,-0.12754
-0.041429,-0.12437
-0.040424,-0.1212
-0.039427,-0.11804
-0.038441,-0.11489
-0.037464,-0.11174
-0.036498,-0.10862
-0.035543,-0.1055
-0.0346,-0.10241
-0.033669,-0.09934
-0.032751,-0.096294
-0.031846,-0.093276
-0.030955,-0.090288
-0.030078,-0.087333
-0.029215,-0.084414
-0.028368,-0.081534
-0.027537,-0.078696
-0.026721,-0.075902
-0.025923,-0.073156
-0.025142,-0.07046
-0.024378,-0.067817
-0.023632,-0.06523
-0.022905,-0.062702
-0.022197,-0.060234
-0.021508,-0.057831
-0.020839,-0.055493
-0.020191,-0.053225
-0.019562,-0.051028
-0.018955,-0.048905
-0.018368,-0.046858
-0.017803,-0.04489
-0.01726,-0.043002
-0.016738,-0.041198
-0.016239,-0.039478
-0.015762,-0.037845
-0.015308,-0.0363
-0.014877,-0.034847
-0.014468,-0.033485
-0.014082,-0.032217
-0.013719,-0.031044
-0.013379,-0.029968
-0.013063,-0.028989
-0.012769,-0.02811
-0.012499,-0.02733
-0.012251,-0.026651
-0.012026,-0.026074
-0.011825,-0.025599
-0.011645,-0.025227
-0.011489,-0.024959
-0.011355,-0.024794
-0.011243,-0.024732
-0.011152,-0.024775
-0.011084,-0.024921
-0.011037,-0.025171
-0.011011,-0.025525
-0.011006,-0.025981
-0.011021,-0.02654
-0.011056,-0.027201
-0.011112,-0.027962
-0.011186,-0.028824
-0.011279,-0.029785
-0.011391,-0.030843
-0.011521,-0.031999
-0.011669,-0.03325
-0.011833,-0.034596
-0.012014,-0.036034
-0.012212,-0.037563
-0.012425,-0.039181
-0.012653,-0.040887
-0.012895,-0.042679
-0.013152,-0.044554
-0.013422,-0.046511
-0.013705,-0.048548
-0.014,-0.050663
-0.014307,-0.052852
-0.014625,-0.055115
-0.014954,-0.057448
-0.015292,-0.05985
-0.01564,-0.062317
-0.015997,-0.064848
-0.016362,-0.06744
-0.016735,-0.07009
-0.017114,-0.072796
-0.017501,-0.075556
-0.017892,-0.078365
-0.01829,-0.081223
-0.018691,-0.084126
-0.019097,-0.087072
-0.019507,-0.090058
-0.019919,-0.093082
-0.020333,-0.09614
-0.02075,-0.099231
-0.021167,-0.10235
-0.021585,-0.1055
-0.022003,-0.10867
-0.022421,-0.11186
-0.022837,-0.11508
-0.023252,-0.11831
-0.023665,-0.12155
-0.024075,-0.12481
-0.024483,-0.12808
-0.024886,-0.13136
-0.025285,-0.13464
-0.025679,-0.13792
-0.026069,-0.14121
-0.026452,-0.1445
-0.026829,-0.14778
-0.0272,-0.15106
-0.027563,-0.15433
-0.027919,-0.1576
-0.028267,-0.16085
-0.028606,-0.1641
-0.028936,-0.16733
-0.029256,-0.17054
-0.029567,-0.17374
-0.029867,-0.17693
-0.030157,-0.18009
-0.030435,-0.18323
-0.030701,-0.18636
-0.030956,-0.18946
-0.031198,-0.19254
-0.031426,-0.19559
-0.031642,-0.19862
-0.031843,-0.20163
-0.03203,-0.20461
-0.032203,-0.20756
-0.03236,-0.21049
-0.032502,-0.21338
-0.032628,-0.21625
-0.032737,-0.21909
-0.03283,-0.2219
-0.032906,-0.22468
-0.032964,-0.22743
-0.033003,-0.23016
-0.033025,-0.23285
-0.033027,-0.23551
-0.03301,-0.23814
-0.032974,-0.24074
-0.032917,-0.24332
-0.03284,-0.24586
-0.032742,-0.24837
-0.032622,-0.25085
-0.032481,-0.25331
-0.032317,-0.25573
-0.032131,-0.25813
-0.031921,-0.2605
-0.031689,-0.26284
-0.031432,-0.26515
-0.031152,-0.26743
-0.030846,-0.26969
-0.030516,-0.27192
-0.03016,-0.27412
-0.029778,-0.27629
-0.02937,-0.27844
-0.028936,-0.28057
-0.028475,-0.28267
-0.027986,-0.28474
-0.02747,-0.28679
-0.026925,-0.28882
-0.026352,-0.29082
-0.025751,-0.29279
-0.025121,-0.29475
-0.024461,-0.29668
-0.023772,-0.29859
-0.023052,-0.30047
-0.022303,-0.30234
-0.021523,-0.30418
-0.020712,-0.306
-0.019871,-0.3078
-0.018998,-0.30957
-0.018094,-0.31133
-0.017159,-0.31306
-0.016191,-0.31477
-0.015192,-0.31646
-0.014161,-0.31813
-0.013098,-0.31978
-0.012003,-0.32141
-0.010875,-0.32302
-0.0097155,-0.3246
-0.0085234,-0.32616
-0.007299,-0.32771
-0.0060423,-0.32923
-0.0047535,-0.33073
-0.0034324,-0.3322
-0.0020794,-0.33366
-0.00069441,-0.33509
0.00072232,-0.3365
0.0021706,-0.33789
0.0036503,-0.33926
0.0051611,-0.3406
0.0067028,-0.34192
0.0082751,-0.34322
0.0098776,-0.34449
0.01151,-0.34574
0.013172,-0.34696
0.014863,-0.34817
0.016583,-0.34934
0.018331,-0.35049
0.020106,-0.35162
0.021909,-0.35272
0.023738,-0.35379
0.025594,-0.35484
0.027475,-0.35586
0.029381,-0.35686
0.03131,-0.35783
0.033263,-0.35877
0.035239,-0.35969
0.037237,-0.36058
0.039256,-0.36144
0.041295,-0.36227
0.043354,-0.36308
0.045431,-0.36386
0.047526,-0.36461
0.049638,-0.36534
0.051766,-0.36604
0.053909,-0.36671
0.056066,-0.36736
0.058235,-0.36797
0.060417,-0.36857
0.062609,-0.36913
0.064812,-0.36967
0.067023,-0.37018
0.069242,-0.37067
0.071467,-0.37113
0.073698,-0.37157
0.075933,-0.37198
0.078171,-0.37237
0.080411,-0.37273
0.082653,-0.37307
0.084893,-0.37339
0.087132,-0.37369
0.089369,-0.37397
0.091601,-0.37422
0.093829,-0.37446
0.09605,-0.37468
0.098263,-0.37487
0.10047,-0.37506
0.10266,-0.37522
0.10485,-0.37537
0.10702,-0.3755
0.10917,-0.37562
0.11132,-0.37573
0.11344,-0.37582
0.11555,-0.37591
0.11764,-0.37598
0.11972,-0.37604
0.12177,-0.3761
0.1238,-0.37615
0.1258,-0.37619
0.12779,-0.37623
0.12974,-0.37626
0.13167,-0.37629
0.13358,-0.37632
0.13545,-0.37635
0.1373,-0.37638
0.13912,-0.37642
0.1409,-0.37645
0.14265,-0.37649
0.14437,-0.37653
0.14606,-0.37658
0.14771,-0.37664
0.14932,-0.3767
0.1509,-0.37677
0.15244,-0.37686
0.15394,-0.37695
0.15541,-0.37706
0.15683,-0.37718
0.15822,-0.37731
0.15956,-0.37746
0.16086,-0.37762
0.16212,-0.3778
0.16334,-0.378
0.16451,-0.37821
0.16564,-0.37844
0.16673,-0.37869
0.16777,-0.37897
0.16876,-0.37926
0.16972,-0.37957
0.17062,-0.3799
