-0.0079292,0.017118
-0.006819,0.017026
-0.0057052,0.017203
-0.0045931,0.017647
-0.0034882,0.018353
-0.0023961,0.019317
-0.0013221,0.020534
-0.00027174,0.021998
0.00074973,0.023705
0.001737,0.025649
0.0026849,0.027822
0.0035885,0.03022
0.0044427,0.032836
0.0052428,0.035663
0.0059843,0.038693
0.0066628,0.041921
0.0072739,0.045338
0.0078139,0.048938
0.0082787,0.052713
0.0086651,0.056656
0.0089695,0.060759
0.0091891,0.065015
0.0093211,0.069415
0.0093629,0.073954
0.0093124,0.078622
0.0091676,0.083413
0.0089269,0.08832
0.0085889,0.093334
0.0081526,0.098448
0.0076171,0.10366
0.0069821,0.10895
0.0062471,0.11432
0.0054125,0.11977
0.0044783,0.12528
0.0034454,0.13085
0.0023144,0.13647
0.0010866,0.14214
-0.00023679,0.14784
-0.0016542,0.15358
-0.0031638,0.15935
-0.0047637,0.16514
-0.0064517,0.17094
-0.0082255,0.17675
-0.010083,0.18257
-0.012021,0.18838
-0.014036,0.19419
-0.016128,0.19998
-0.018291,0.20576
-0.020524,0.21151
-0.022823,0.21724
-0.025185,0.22293
-0.027608,0.22858
-0.030088,0.2342
-0.032622,0.23976
-0.035207,0.24528
-0.037841,0.25074
-0.04052,0.25614
-0.043242,0.26148
-0.046003,0.26674
-0.048802,0.27194
-0.051636,0.27706
-0.054503,0.28209
-0.057401,0.28705
-0.060327,0.29192
-0.06328,0.29669
-0.066259,0.30137
-0.069261,0.30596
-0.072285,0.31044
-0.075331,0.31482
-0.078398,0.31909
-0.081484,0.32326
-0.08459,0.32731
-0.087715,0.33124
-0.090858,0.33506
-0.094021,0.33877
-0.097202,0.34235
-0.1004,0.34581
-0.10362,0.34914
-0.10686,0.35235
-0.11013,0.35544
-0.11341,0.35839
-0.11672,0.36122
-0.12005,0.36393
-0.12341,0.3665
-0.1268,0.36895
-0.13021,0.37127
-0.13365,0.37346
-0.13713,0.37552
-0.14064,0.37747
-0.14418,0.37928
-0.14775,0.38097
-0.15136,0.38255
-0.15501,0.384
-0.1587,0.38533
-0.16243,0.38655
-0.1662,0.38766
-0.17002,0.38866
-0.17387,0.38954
-0.17777,0.39033
-0.18172,0.39101
-0.1857,0.39158
-0.18974,0.39207
-0.19381,0.39246
-0.19793,0.39276
-0.2021,0.39297
-0.20631,0.39309
-0.21056,0.39314
-0.21485,0.3931
-0.21919,0.39299
-0.22356,0.39281
-0.22797,0.39256
-0.23242,0.39224
-0.2369,0.39185
-0.24141,0.3914
-0.24595,0.39089
-0.25052,0.39032
-0.25512,0.38969
-0.25973,0.38901
-0.26436,0.38827
-0.26901,0.38748
-0.27367,0.38663
-0.27834,0.38573
-0.28302,0.38477
-0.2877,0.38377
-0.29237,0.38271
-0.29704,0.38159
-0.30171,0.38042
-0.30636,0.3792
-0.31099,0.37791
-0.31561,0.37657
-0.3202,0.37516
-0.32477,0.37369
-0.3293,0.37215
-0.3338,0.37055
-0.33827,0.36887
-0.3427,0.36712
-0.34708,0.3653
-0.35142,0.36339
-0.35571,0.3614
-0.35995,0.35932
-0.36413,0.35715
-0.36826,0.35489
-0.37233,0.35254
-0.37634,0.35008
-0.38029,0.34752
-0.38418,0.34486
-0.388,0.34209
-0.39176,0.33921
-0.39545,0.33622
-0.39908,0.33311
-0.40263,0.32989
-0.40612,0.32654
-0.40954,0.32308
-0.41289,0.3195
-0.41617,0.3158
-0.41938,0.31197
-0.42253,0.30803
-0.42561,0.30396
-0.42862,0.29977
-0.43156,0.29546
-0.43445,0.29104
-0.43726,0.2865
-0.44002,0.28185
-0.44272,0.27708
-0.44535,0.27221
-0.44793,0.26723
-0.45045,0.26216
-0.45291,0.25698
-0.45532,0.25172
-0.45767,0.24636
-0.45998,0.24093
-0.46223,0.23541
-0.46443,0.22983
-0.46659,0.22417
-0.4687,0.21846
-0.47076,0.21269
-0.47278,0.20688
-0.47475,0.20101
-0.47669,0.19512
-0.47858,0.18919
-0.48042,0.18323
-0.48223,0.17726
-0.48399,0.17127
-0.48572,0.16528
-0.4874,0.15928
-0.48905,0.15329
-0.49065,0.14731
-0.49222,0.14134
-0.49374,0.13538
-0.49522,0.12945
-0.49666,0.12355
-0.49806,0.11767
-0.49942,0.11183
-0.50073,0.10602
-0.502,0.10025
-0.50323,0.094521
-0.5044,0.088834
-0.50554,0.083189
-0.50662,0.077589
-0.50765,0.072033
-0.50864,0.066521
-0.50957,0.061054
-0.51046,0.05563
-0.51129,0.050248
-0.51207,0.044908
-0.51279,0.039606
-0.51346,0.034342
-0.51407,0.029113
-0.51463,0.023915
-0.51513,0.018748
-0.51557,0.013606
-0.51595,0.0084884
-0.51628,0.0033904
-0.51654,-0.001691
-0.51675,-0.0067593
-0.5169,-0.011818
-0.51699,-0.01687
-0.51703,-0.02192
-0.517,-0.026971
-0.51692,-0.032026
-0.51678,-0.037088
-0.51659,-0.04216
-0.51634,-0.047245
-0.51604,-0.052346
-0.51568,-0.057465
-0.51527,-0.062605
-0.51481,-0.067766
-0.5143,-0.072951
-0.51374,-0.07816
-0.51314,-0.083395
-0.51248,-0.088656
-0.51179,-0.093943
-0.51105,-0.099257
-0.51027,-0.1046
-0.50945,-0.10996
-0.50859,-0.11534
-0.5077,-0.12075
-0.50677,-0.12618
-0.5058,-0.13162
-0.5048,-0.13708
-0.50377,-0.14255
-0.50271,-0.14803
-0.50162,-0.15351
-0.5005,-0.15899
-0.49936,-0.16447
-0.49819,-0.16994
-0.49699,-0.1754
-0.49576,-0.18084
-0.49451,-0.18626
-0.49324,-0.19166
-0.49194,-0.19702
-0.49061,-0.20235
-0.48926,-0.20764
-0.48788,-0.21288
-0.48648,-0.21807
-0.48505,-0.22321
-0.4836,-0.22829
-0.48211,-0.23331
-0.4806,-0.23826
-0.47905,-0.24313
-0.47747,-0.24794
-0.47586,-0.25266
-0.47421,-0.2573
-0.47253,-0.26186
-0.47081,-0.26632
-0.46905,-0.2707
-0.46724,-0.27499
-0.46539,-0.27918
-0.4635,-0.28328
-0.46156,-0.28728
-0.45957,-0.29118
-0.45752,-0.29499
-0.45543,-0.29869
-0.45327,-0.3023
-0.45106,-0.30581
-0.44879,-0.30923
-0.44647,-0.31254
-0.44407,-0.31577
-0.44162,-0.3189
-0.4391,-0.32193
-0.43651,-0.32488
-0.43386,-0.32773
-0.43114,-0.3305
-0.42835,-0.33319
-0.42549,-0.33579
-0.42256,-0.33831
-0.41956,-0.34076
-0.41649,-0.34312
-0.41335,-0.34542
-0.41014,-0.34764
-0.40686,-0.34979
-0.40352,-0.35188
-0.4001,-0.3539
-0.39662,-0.35586
-0.39308,-0.35775
-0.38947,-0.35959
-0.38581,-0.36136
-0.38208,-0.36308
-0.3783,-0.36475
-0.37446,-0.36635
-0.37057,-0.3679
-0.36663,-0.3694
-0.36264,-0.37084
-0.35861,-0.37223
-0.35454,-0.37356
-0.35043,-0.37484
-0.34629,-0.37606
-0.34211,-0.37723
-0.33791,-0.37833
-0.33368,-0.37938
-0.32943,-0.38037
-0.32516,-0.3813
-0.32088,-0.38216
-0.31658,-0.38296
-0.31227,-0.38369
-0.30796,-0.38435
-0.30365,-0.38494
-0.29934,-0.38546
-0.29503,-0.38591
-0.29073,-0.38628
-0.28644,-0.38657
-0.28216,-0.38677
-0.27789,-0.3869
-0.27364,-0.38694
-0.26941,-0.3869
-0.2652,-0.38676
-0.26101,-0.38654
-0.25685,-0.38623
-0.25271,-0.38582
-0.2486,-0.38532
-0.24452,-0.38473
-0.24046,-0.38404
-0.23644,-0.38325
-0.23245,-0.38237
-0.22848,-0.38139
-0.22455,-0.38031
-0.22066,-0.37913
-0.21679,-0.37786
-0.21295,-0.37649
-0.20915,-0.37502
-0.20538,-0.37346
-0.20163,-0.3718
-0.19792,-0.37004
-0.19424,-0.36819
-0.19058,-0.36625
-0.18696,-0.36422
-0.18336,-0.36209
-0.17978,-0.35988
-0.17624,-0.35757
-0.17271,-0.35518
-0.16921,-0.35271
-0.16574,-0.35015
-0.16228,-0.34751
-0.15885,-0.34478
-0.15544,-0.34198
-0.15205,-0.3391
-0.14867,-0.33614
-0.14532,-0.3331
-0.14199,-0.32999
-0.13867,-0.3268
-0.13538,-0.32354
-0.1321,-0.32021
-0.12884,-0.31681
-0.1256,-0.31334
-0.12238,-0.30979
-0.11918,-0.30618
-0.116,-0.3025
-0.11285,-0.29875
-0.10971,-0.29494
-0.1066,-0.29105
-0.10351,-0.2871
-0.10045,-0.28309
-0.097421,-0.27901
-0.094417,-0.27486
-0.091444,-0.27065
-0.088503,-0.26638
-0.085597,-0.26204
-0.082726,-0.25764
-0.079894,-0.25318
-0.077102,-0.24866
-0.074352,-0.24408
-0.071647,-0.23945
-0.068988,-0.23476
-0.066377,-0.23001
-0.063817,-0.22522
-0.061309,-0.22037
-0.058856,-0.21548
-0.056459,-0.21055
-0.054121,-0.20558
-0.051843,-0.20057
-0.049627,-0.19554
-0.047475,-0.19047
-0.045388,-0.18538
-0.043367,-0.18028
-0.041414,-0.17516
-0.039529,-0.17004
-0.037715,-0.16492
-0.035971,-0.15981
-0.034299,-0.15471
-0.032698,-0.14964
-0.031169,-0.14459
-0.029712,-0.13958
-0.028327,-0.13462
-0.027015,-0.1297
-0.025773,-0.12486
-0.024603,-0.12008
-0.023502,-0.11539
-0.022471,-0.11078
-0.021508,-0.10628
-0.020611,-0.10188
-0.01978,-0.097602
-0.019012,-0.093452
-0.018306,-0.08944
-0.017661,-0.085574
-0.017073,-0.081864
-0.016542,-0.07832
-0.016064,-0.07495
-0.015638,-0.071764
-0.015262,-0.068768
-0.014932,-0.065972
-0.014646,-0.063384
-0.014402,-0.06101
-0.014197,-0.058858
-0.014028,-0.056934
-0.013894,-0.055244
-0.013791,-0.053793
-0.013717,-0.052587
-0.013669,-0.051629
-0.013645,-0.050923
-0.013642,-0.050472
-0.013658,-0.050279
-0.013691,-0.050344
-0.013739,-0.050669
-0.013798,-0.051255
-0.013868,-0.0521
-0.013946,-0.053204
-0.014031,-0.054564
-0.014121,-0.056178
-0.014213,-0.058043
-0.014307,-0.060154
-0.014402,-0.062507
-0.014495,-0.065096
-0.014586,-0.067916
-0.014674,-0.07096
-0.014757,-0.07422
-0.014835,-0.077689
-0.014908,-0.081359
-0.014974,-0.08522
-0.015032,-0.089264
-0.015084,-0.093481
-0.015127,-0.097861
-0.015162,-0.10239
-0.015188,-0.10707
-0.015205,-0.11187
-0.015212,-0.1168
-0.015211,-0.12183
-0.015199,-0.12696
-0.015178,-0.13217
-0.015146,-0.13746
-0.015104,-0.14282
-0.015051,-0.14822
-0.014986,-0.15366
-0.01491,-0.15914
-0.014822,-0.16463
-0.014721,-0.17013
-0.014606,-0.17563
-0.014477,-0.18111
-0.014333,-0.18658
-0.014172,-0.19201
-0.013994,-0.1974
-0.013797,-0.20275
-0.013581,-0.20804
-0.013342,-0.21326
-0.01308,-0.21842
-0.012793,-0.2235
-0.012479,-0.2285
-0.012135,-0.23341
-0.01176,-0.23822
-0.01135,-0.24295
-0.010905,-0.24757
-0.01042,-0.25209
-0.0098935,-0.25651
-0.0093224,-0.26082
-0.0087036,-0.26503
-0.0080343,-0.26912
-0.0073113,-0.27311
-0.0065316,-0.27699
-0.0056919,-0.28076
-0.0047891,-0.28442
-0.00382,-0.28798
-0.0027814,-0.29144
-0.0016701,-0.29479
-0.00048312,-0.29805
0.00078263,-0.30121
0.0021301,-0.30428
0.0035621,-0.30726
0.0050814,-0.31015
0.0066904,-0.31296
0.0083917,-0.3157
0.010187,-0.31836
0.012079,-0.32095
0.01407,-0.32347
0.016159,-0.32593
0.01835,-0.32833
0.020643,-0.33068
0.023038,-0.33297
0.025536,-0.33522
0.028137,-0.33742
0.030841,-0.33957
0.033647,-0.34169
0.036553,-0.34377
0.039559,-0.34582
0.042663,-0.34784
0.045862,-0.34982
0.049155,-0.35177
0.052537,-0.3537
0.056005,-0.3556
0.059556,-0.35747
0.063186,-0.35931
0.066889,-0.36112
0.070662,-0.3629
0.074498,-0.36465
0.078391,-0.36638
0.082337,-0.36806
0.086327,-0.36971
0.090356,-0.37132
0.094416,-0.37289
0.098499,-0.37442
0.1026,-0.37589
0.10671,-0.37731
0.11081,-0.37868
0.11491,-0.37999
0.11899,-0.38123
0.12305,-0.3824
0.12706,-0.3835
0.13104,-0.38451
0.13496,-0.38545
0.13881,-0.38629
0.1426,-0.38704
0.1463,-0.38768
0.14991,-0.38823
0.15342,-0.38866
0.15682,-0.38897
0.1601,-0.38917
0.16325,-0.38924
0.16626,-0.38917
0.16913,-0.38898
0.17184,-0.38864
0.17439,-0.38816
0.17677,-0.38752
0.17898,-0.38674
0.181,-0.3858
0.18282,-0.38471
0.18445,-0.38345
0.18587,-0.38202
0.18708,-0.38043
0.18808,-0.37867
0.18885,-0.37674
