0.0012992,0.0028286
0.00042442,0.0077143
-0.00037304,0.013005
-0.0011099,0.018669
-0.0018032,0.024672
-0.0024699,0.030981
-0.003127,0.037563
-0.0037914,0.044387
-0.0044795,0.051421
-0.0052072,0.058635
-0.0059898,0.066
-0.0068418,0.073489
-0.0077769,0.081077
-0.0088076,0.088739
-0.0099454,0.096454
-0.011201,0.1042
-0.012582,0.11196
-0.014098,0.11973
-0.015755,0.12747
-0.017557,0.13519
-0.019509,0.14287
-0.021612,0.15051
-0.023867,0.1581
-0.026275,0.16563
-0.028833,0.1731
-0.031538,0.18052
-0.034387,0.18786
-0.037375,0.19515
-0.040496,0.20237
-0.043744,0.20953
-0.047111,0.21663
-0.050589,0.22367
-0.054172,0.23066
-0.05785,0.23758
-0.061615,0.24445
-0.065459,0.25126
-0.069375,0.258
-0.073353,0.26469
-0.077388,0.27131
-0.081473,0.27786
-0.085601,0.28434
-0.089767,0.29074
-0.093968,0.29704
-0.0982,0.30325
-0.10246,0.30935
-0.10675,0.31533
-0.11106,0.32118
-0.1154,0.32689
-0.11978,0.33245
-0.12418,0.33783
-0.12862,0.34304
-0.1331,0.34805
-0.13763,0.35285
-0.14222,0.35743
-0.14686,0.36178
-0.15157,0.36588
-0.15635,0.36972
-0.16122,0.3733
-0.16618,0.3766
-0.17124,0.37962
-0.1764,0.38235
-0.18168,0.38479
-0.18709,0.38694
-0.19262,0.38878
-0.19828,0.39033
-0.20409,0.39159
-0.21003,0.39256
-0.21612,0.39324
-0.22236,0.39364
-0.22874,0.39377
-0.23527,0.39363
-0.24194,0.39325
-0.24875,0.39262
-0.25568,0.39176
-0.26275,0.39069
-0.26993,0.38941
-0.27721,0.38793
-0.28459,0.38627
-0.29205,0.38444
-0.29957,0.38245
-0.30715,0.38031
-0.31477,0.37803
-0.32241,0.37562
-0.33005,0.37307
-0.33767,0.3704
-0.34526,0.36762
-0.35281,0.36471
-0.36028,0.36169
-0.36767,0.35855
-0.37495,0.35528
-0.38211,0.35189
-0.38914,0.34837
-0.39601,0.3447
-0.40271,0.34089
-0.40924,0.33693
-0.41557,0.33279
-0.4217,0.32848
-0.42761,0.32398
-0.43331,0.31928
-0.43878,0.31437
-0.44401,0.30924
-0.44902,0.30388
-0.45379,0.29828
-0.45832,0.29244
-0.46262,0.28634
-0.46669,0.27999
-0.47053,0.27338
-0.47415,0.26651
-0.47755,0.25938
-0.48075,0.25199
-0.48375,0.24435
-0.48656,0.23646
-0.4892,0.22834
-0.49167,0.22
-0.49398,0.21144
-0.49615,0.20269
-0.49818,0.19376
-0.50009,0.18467
-0.5019,0.17544
-0.5036,0.16609
-0.50522,0.15663
-0.50675,0.1471
-0.50822,0.13751
-0.50962,0.12789
-0.51098,0.11825
-0.51228,0.10862
-0.51355,0.09902
-0.51478,0.089464
-0.51597,0.07997
-0.51714,0.070556
-0.51828,0.061234
-0.5194,0.052016
-0.52049,0.042912
-0.52156,0.033931
-0.5226,0.025077
-0.5236,0.016353
-0.52458,0.0077601
-0.52552,-0.00070225
-0.52641,-0.0090378
-0.52727,-0.017252
-0.52807,-0.025351
-0.52882,-0.033344
-0.5295,-0.041241
-0.53012,-0.049053
-0.53067,-0.056792
-0.53114,-0.06447
-0.53153,-0.0721
-0.53183,-0.079694
-0.53203,-0.087267
-0.53214,-0.094828
-0.53215,-0.10239
-0.53204,-0.10996
-0.53183,-0.11756
-0.53151,-0.12518
-0.53107,-0.13283
-0.53051,-0.14052
-0.52983,-0.14825
-0.52903,-0.15602
-0.5281,-0.16383
-0.52705,-0.17167
-0.52588,-0.17955
-0.52457,-0.18744
-0.52314,-0.19535
-0.52159,-0.20326
-0.5199,-0.21116
-0.5181,-0.21903
-0.51616,-0.22687
-0.5141,-0.23465
-0.51192,-0.24236
-0.50962,-0.24999
-0.50719,-0.25752
-0.50463,-0.26492
-0.50196,-0.2722
-0.49916,-0.27932
-0.49625,-0.28629
-0.49321,-0.29308
-0.49006,-0.29968
-0.48678,-0.30608
-0.48339,-0.31228
-0.47988,-0.31827
-0.47626,-0.32404
-0.47252,-0.32959
-0.46866,-0.33492
-0.46469,-0.34002
-0.46061,-0.34491
-0.45642,-0.34957
-0.45211,-0.35402
-0.4477,-0.35827
-0.44319,-0.36231
-0.43857,-0.36616
-0.43385,-0.36983
-0.42904,-0.37332
-0.42413,-0.37664
-0.41912,-0.37981
-0.41403,-0.38282
-0.40886,-0.3857
-0.40361,-0.38844
-0.39828,-0.39106
-0.39288,-0.39356
-0.38741,-0.39594
-0.38187,-0.39821
-0.37628,-0.40038
-0.37064,-0.40243
-0.36494,-0.40438
-0.3592,-0.40622
-0.35342,-0.40794
-0.3476,-0.40955
-0.34174,-0.41104
-0.33585,-0.4124
-0.32994,-0.41362
-0.324,-0.4147
-0.31804,-0.41563
-0.31206,-0.4164
-0.30607,-0.417
-0.30005,-0.41741
-0.29403,-0.41764
-0.28799,-0.41767
-0.28194,-0.41749
-0.27587,-0.41711
-0.2698,-0.4165
-0.26372,-0.41567
-0.25763,-0.41461
-0.25154,-0.41332
-0.24543,-0.41179
-0.23932,-0.41004
-0.2332,-0.40805
-0.22708,-0.40583
-0.22096,-0.40339
-0.21483,-0.40072
-0.20871,-0.39784
-0.20258,-0.39475
-0.19647,-0.39147
-0.19036,-0.38799
-0.18427,-0.38432
-0.17819,-0.38049
-0.17214,-0.37649
-0.16611,-0.37234
-0.16012,-0.36804
-0.15417,-0.3636
-0.14827,-0.35903
-0.14242,-0.35434
-0.13664,-0.34953
-0.13093,-0.34462
-0.12529,-0.33959
-0.11975,-0.33446
-0.11429,-0.32923
-0.10895,-0.32389
-0.10371,-0.31845
-0.098599,-0.3129
-0.093613,-0.30724
-0.088763,-0.30147
-0.084055,-0.29559
-0.079497,-0.28958
-0.075093,-0.28344
-0.070849,-0.27717
-0.066769,-0.27076
-0.062857,-0.26421
-0.059114,-0.25751
-0.055544,-0.25066
-0.052145,-0.24366
-0.048919,-0.2365
-0.045864,-0.22919
-0.042978,-0.22174
-0.040257,-0.21414
-0.037699,-0.20641
-0.035297,-0.19855
-0.033047,-0.19059
-0.030943,-0.18252
-0.028977,-0.17438
-0.027142,-0.16618
-0.025431,-0.15794
-0.023835,-0.1497
-0.022346,-0.14148
-0.020955,-0.13331
-0.019655,-0.12522
-0.018437,-0.11725
-0.017292,-0.10944
-0.016213,-0.10181
-0.015192,-0.094408
-0.014223,-0.087273
-0.013298,-0.080441
-0.012413,-0.07395
-0.011563,-0.067837
-0.010742,-0.062136
-0.0099468,-0.056883
-0.0091756,-0.05211
-0.0084258,-0.047847
-0.0076963,-0.04412
-0.0069865,-0.040956
-0.0062966,-0.038375
-0.0056276,-0.036394
-0.0049809,-0.03503
-0.0043585,-0.034292
-0.0037629,-0.034186
-0.0031968,-0.034716
-0.0026632,-0.035882
-0.0021653,-0.037676
-0.0017064,-0.040092
-0.0012894,-0.043115
-0.00091734,-0.04673
-0.00059273,-0.050917
-0.00031775,-0.055652
-9.4035e-05,-0.060911
7.7414e-05,-0.066665
0.0001963,-0.072882
0.00026314,-0.079531
0.0002793,-0.086576
0.00024706,-0.093982
0.00016968,-0.10171
5.1414e-05,-0.10973
-0.00010249,-0.118
-0.00028578,-0.12647
-0.00049119,-0.13513
-0.00071051,-0.14392
-0.00093462,-0.15282
-0.0011535,-0.16179
-0.0013565,-0.1708
-0.0015321,-0.17981
-0.0016683,-0.18881
-0.0017525,-0.19776
-0.0017718,-0.20664
-0.0017132,-0.21542
-0.0015635,-0.22409
-0.0013093,-0.23263
-0.00093762,-0.24103
-0.00043578,-0.24927
0.00020858,-0.25734
0.0010072,-0.26522
0.0019711,-0.27293
0.0031106,-0.28044
0.004435,-0.28775
0.0059525,-0.29486
0.0076704,-0.30178
0.0095947,-0.30849
0.01173,-0.31499
0.01408,-0.3213
0.016647,-0.3274
0.019432,-0.3333
0.022433,-0.33901
0.02565,-0.34451
0.029078,-0.34982
0.032714,-0.35493
0.036553,-0.35985
0.040586,-0.36457
0.044807,-0.36909
0.049207,-0.37341
0.053776,-0.37753
0.058504,-0.38146
0.063381,-0.38518
0.068394,-0.3887
0.073533,-0.39201
0.078785,-0.39512
0.084139,-0.39801
0.089582,-0.4007
0.095104,-0.40318
0.10069,-0.40544
0.10634,-0.4075
0.11203,-0.40935
0.11775,-0.411
0.1235,-0.41244
0.12927,-0.4137
0.13505,-0.41476
0.14084,-0.41565
0.14662,-0.41638
0.1524,-0.41694
0.15817,-0.41737
0.16393,-0.41767
0.16967,-0.41787
0.1754,-0.41797
0.18111,-0.41801
0.18681,-0.418
0.19249,-0.41797
0.19817,-0.41795
0.20383,-0.41795
0.20949,-0.418
0.21515,-0.41814
0.22081,-0.41839
0.22648,-0.41877
0.23216,-0.41932
0.23785,-0.42006
0.24356,-0.42102
