0.0055809,0.0085661
0.0051735,0.012457
0.0045947,0.016634
0.0038499,0.021086
0.0029444,0.025802
0.0018839,0.030768
0.00067444,0.035973
-0.00067812,0.041403
-0.0021676,0.047045
-0.0037877,0.052885
-0.0055322,0.05891
-0.0073946,0.065107
-0.0093685,0.07146
-0.011447,0.077958
-0.013625,0.084585
-0.015894,0.091327
-0.018249,0.098171
-0.020684,0.1051
-0.023191,0.11211
-0.025765,0.11918
-0.028399,0.12629
-0.031088,0.13344
-0.033825,0.14061
-0.036606,0.14779
-0.039424,0.15496
-0.042274,0.16212
-0.045151,0.16925
-0.04805,0.17634
-0.050966,0.18339
-0.053896,0.19037
-0.056833,0.19729
-0.059776,0.20412
-0.06272,0.21087
-0.065661,0.21752
-0.068596,0.22407
-0.071523,0.2305
-0.074439,0.23682
-0.077341,0.24301
-0.080227,0.24907
-0.083097,0.25499
-0.085947,0.26077
-0.088777,0.26641
-0.091587,0.27189
-0.094374,0.27723
-0.09714,0.28241
-0.099883,0.28744
-0.1026,0.2923
-0.1053,0.29701
-0.10798,0.30155
-0.11064,0.30594
-0.11328,0.31017
-0.11589,0.31424
-0.1185,0.31815
-0.12108,0.32191
-0.12366,0.32551
-0.12622,0.32896
-0.12877,0.33226
-0.13131,0.33542
-0.13385,0.33844
-0.13638,0.34131
-0.13891,0.34405
-0.14144,0.34666
-0.14398,0.34915
-0.14652,0.35151
-0.14906,0.35376
-0.15162,0.35589
-0.1542,0.35791
-0.15678,0.35983
-0.15939,0.36165
-0.16201,0.36338
-0.16466,0.36501
-0.16733,0.36656
-0.17002,0.36803
-0.17274,0.36943
-0.17549,0.37075
-0.17827,0.37201
-0.18109,0.3732
-0.18394,0.37434
-0.18682,0.37542
-0.18973,0.37645
-0.19269,0.37742
-0.19567,0.37836
-0.1987,0.37925
-0.20176,0.3801
-0.20486,0.38091
-0.208,0.38169
-0.21118,0.38244
-0.21439,0.38315
-0.21763,0.38383
-0.22092,0.38448
-0.22423,0.3851
-0.22758,0.38569
-0.23096,0.38626
-0.23437,0.3868
-0.23781,0.3873
-0.24127,0.38778
-0.24476,0.38823
-0.24827,0.38865
-0.25181,0.38903
-0.25536,0.38938
-0.25893,0.38969
-0.26251,0.38997
-0.2661,0.39021
-0.26971,0.3904
-0.27332,0.39055
-0.27693,0.39066
-0.28055,0.39071
-0.28417,0.39072
-0.28778,0.39067
-0.29139,0.39056
-0.29499,0.39039
-0.29858,0.39016
-0.30216,0.38987
-0.30572,0.3895
-0.30926,0.38906
-0.31279,0.38855
-0.31629,0.38797
-0.31978,0.3873
-0.32323,0.38655
-0.32667,0.38571
-0.33007,0.38479
-0.33344,0.38378
-0.33679,0.38268
-0.3401,0.38149
-0.34338,0.3802
-0.34662,0.37881
-0.34983,0.37732
-0.35301,0.37574
-0.35615,0.37405
-0.35926,0.37226
-0.36233,0.37037
-0.36536,0.36838
-0.36836,0.36628
-0.37133,0.36408
-0.37426,0.36178
-0.37715,0.35937
-0.38001,0.35685
-0.38284,0.35424
-0.38564,0.35152
-0.38841,0.3487
-0.39114,0.34578
-0.39385,0.34277
-0.39653,0.33965
-0.39919,0.33644
-0.40182,0.33313
-0.40443,0.32973
-0.40701,0.32624
-0.40958,0.32266
-0.41212,0.319
-0.41465,0.31525
-0.41716,0.31142
-0.41966,0.30751
-0.42214,0.30352
-0.42461,0.29945
-0.42707,0.29532
-0.42951,0.29111
-0.43195,0.28684
-0.43439,0.2825
-0.43681,0.2781
-0.43923,0.27364
-0.44164,0.26913
-0.44405,0.26456
-0.44646,0.25993
-0.44886,0.25526
-0.45126,0.25054
-0.45365,0.24578
-0.45604,0.24097
-0.45843,0.23613
-0.46081,0.23124
-0.46319,0.22633
-0.46557,0.22137
-0.46794,0.21639
-0.4703,0.21137
-0.47266,0.20633
-0.47501,0.20126
-0.47735,0.19616
-0.47968,0.19105
-0.48199,0.18591
-0.4843,0.18074
-0.48659,0.17556
-0.48886,0.17037
-0.49112,0.16515
-0.49335,0.15992
-0.49557,0.15467
-0.49776,0.14941
-0.49992,0.14414
-0.50206,0.13886
-0.50416,0.13356
-0.50624,0.12825
-0.50827,0.12294
-0.51028,0.11761
-0.51224,0.11227
-0.51417,0.10693
-0.51605,0.10158
-0.51788,0.096225
-0.51967,0.090863
-0.52141,0.085495
-0.5231,0.080122
-0.52474,0.074746
-0.52633,0.069366
-0.52785,0.063983
-0.52932,0.058599
-0.53074,0.053213
-0.53209,0.047827
-0.53338,0.042442
-0.53461,0.037058
-0.53578,0.031676
-0.53688,0.026298
-0.53792,0.020924
-0.53889,0.015555
-0.53979,0.010193
-0.54063,0.0048387
-0.54141,-0.00050691
-0.54212,-0.0058425
-0.54276,-0.011167
-0.54334,-0.016478
-0.54385,-0.021775
-0.54429,-0.027057
-0.54468,-0.032322
-0.545,-0.037569
-0.54525,-0.042795
-0.54545,-0.048001
-0.54558,-0.053183
-0.54566,-0.05834
-0.54568,-0.063472
-0.54564,-0.068576
-0.54555,-0.073651
-0.5454,-0.078695
-0.54521,-0.083707
-0.54496,-0.088684
-0.54466,-0.093627
-0.54432,-0.098533
-0.54393,-0.1034
-0.5435,-0.10823
-0.54303,-0.11301
-0.54252,-0.11776
-0.54197,-0.12246
-0.54139,-0.12712
-0.54077,-0.13173
-0.54012,-0.13629
-0.53944,-0.1408
-0.53873,-0.14527
-0.538,-0.14968
-0.53723,-0.15405
-0.53645,-0.15836
-0.53564,-0.16262
-0.53481,-0.16683
-0.53395,-0.17099
-0.53308,-0.17509
-0.5322,-0.17914
-0.53129,-0.18314
-0.53037,-0.18708
-0.52943,-0.19096
-0.52848,-0.1948
-0.52751,-0.19858
-0.52653,-0.2023
-0.52554,-0.20598
-0.52453,-0.2096
-0.52351,-0.21316
-0.52248,-0.21668
-0.52143,-0.22014
-0.52037,-0.22356
-0.5193,-0.22692
-0.51821,-0.23024
-0.51711,-0.2335
-0.51599,-0.23673
-0.51486,-0.2399
-0.51371,-0.24303
-0.51254,-0.24611
-0.51136,-0.24916
-0.51016,-0.25215
-0.50894,-0.25511
-0.50769,-0.25803
-0.50643,-0.26091
-0.50515,-0.26376
-0.50384,-0.26657
-0.50251,-0.26934
-0.50115,-0.27208
-0.49976,-0.27479
-0.49835,-0.27746
-0.49691,-0.28011
-0.49544,-0.28272
-0.49394,-0.28531
-0.49241,-0.28787
-0.49084,-0.29041
-0.48925,-0.29292
-0.48762,-0.29541
-0.48595,-0.29787
-0.48425,-0.30031
-0.48251,-0.30273
-0.48074,-0.30513
-0.47893,-0.30752
-0.47708,-0.30988
-0.47519,-0.31222
-0.47327,-0.31455
-0.47131,-0.31686
-0.46931,-0.31916
-0.46727,-0.32143
-0.46519,-0.3237
-0.46307,-0.32594
-0.46092,-0.32818
-0.45872,-0.33039
-0.45649,-0.3326
-0.45422,-0.33478
-0.45192,-0.33696
-0.44958,-0.33912
-0.4472,-0.34126
-0.44479,-0.34339
-0.44235,-0.3455
-0.43987,-0.3476
-0.43736,-0.34968
-0.43482,-0.35175
-0.43224,-0.3538
-0.42964,-0.35583
-0.42701,-0.35785
-0.42436,-0.35984
-0.42167,-0.36182
-0.41897,-0.36378
-0.41623,-0.36572
-0.41348,-0.36763
-0.4107,-0.36953
-0.40791,-0.3714
-0.40509,-0.37325
-0.40226,-0.37507
-0.39941,-0.37686
-0.39655,-0.37863
-0.39367,-0.38037
-0.39077,-0.38208
-0.38787,-0.38377
-0.38495,-0.38541
-0.38202,-0.38703
-0.37909,-0.38861
-0.37614,-0.39016
-0.37319,-0.39167
-0.37023,-0.39314
-0.36727,-0.39457
-0.3643,-0.39597
-0.36133,-0.39732
-0.35835,-0.39862
-0.35537,-0.39989
-0.35239,-0.4011
-0.34941,-0.40227
-0.34642,-0.40339
-0.34343,-0.40446
-0.34044,-0.40548
-0.33746,-0.40645
-0.33447,-0.40736
-0.33148,-0.40822
-0.32849,-0.40902
-0.3255,-0.40977
-0.32251,-0.41046
-0.31953,-0.41109
-0.31654,-0.41166
-0.31355,-0.41216
-0.31056,-0.41261
-0.30758,-0.41299
-0.30459,-0.41331
-0.3016,-0.41357
-0.29861,-0.41376
-0.29562,-0.41388
-0.29264,-0.41394
-0.28964,-0.41393
-0.28665,-0.41386
-0.28366,-0.41372
-0.28066,-0.41351
-0.27766,-0.41324
-0.27467,-0.4129
-0.27166,-0.41249
-0.26866,-0.41201
-0.26565,-0.41147
-0.26264,-0.41086
-0.25963,-0.41019
-0.25661,-0.40945
-0.25359,-0.40865
-0.25057,-0.40779
-0.24754,-0.40686
-0.24451,-0.40587
-0.24148,-0.40481
-0.23844,-0.4037
-0.2354,-0.40253
-0.23236,-0.4013
-0.22931,-0.40001
-0.22626,-0.39867
-0.22321,-0.39728
-0.22016,-0.39583
-0.2171,-0.39433
-0.21405,-0.39278
-0.21099,-0.39118
-0.20793,-0.38953
-0.20487,-0.38784
-0.20181,-0.3861
-0.19876,-0.38432
-0.1957,-0.3825
-0.19265,-0.38064
-0.1896,-0.37874
-0.18655,-0.3768
-0.18351,-0.37483
-0.18047,-0.37283
-0.17744,-0.37079
-0.17441,-0.36872
-0.17139,-0.36661
-0.16838,-0.36448
-0.16538,-0.36232
-0.16238,-0.36014
-0.1594,-0.35792
-0.15643,-0.35569
-0.15347,-0.35342
-0.15052,-0.35113
-0.14759,-0.34882
-0.14467,-0.34649
-0.14177,-0.34413
-0.13888,-0.34175
-0.13601,-0.33935
-0.13316,-0.33692
-0.13033,-0.33447
-0.12752,-0.332
-0.12473,-0.32951
-0.12195,-0.327
-0.11921,-0.32446
-0.11648,-0.3219
-0.11378,-0.31931
-0.1111,-0.3167
-0.10845,-0.31406
-0.10582,-0.3114
-0.10322,-0.30871
-0.10065,-0.30599
-0.098099,-0.30325
-0.09558,-0.30047
-0.09309,-0.29766
-0.09063,-0.29483
-0.088199,-0.29195
-0.085798,-0.28905
-0.083428,-0.28611
-0.081089,-0.28314
-0.078781,-0.28013
-0.076504,-0.27708
-0.07426,-0.27399
-0.072048,-0.27087
-0.069869,-0.2677
-0.067722,-0.2645
-0.065609,-0.26125
-0.063528,-0.25797
-0.061481,-0.25464
-0.059468,-0.25127
-0.057488,-0.24786
-0.055542,-0.24441
-0.053629,-0.24091
-0.05175,-0.23738
-0.049906,-0.23381
-0.048095,-0.23019
-0.046317,-0.22654
-0.044574,-0.22285
-0.042864,-0.21912
-0.041188,-0.21536
-0.039545,-0.21157
-0.037936,-0.20774
-0.03636,-0.20388
-0.034818,-0.2
-0.033308,-0.19609
-0.031831,-0.19216
-0.030388,-0.18821
-0.028976,-0.18424
-0.027597,-0.18026
-0.02625,-0.17626
-0.024936,-0.17226
-0.023653,-0.16826
-0.022401,-0.16426
-0.021181,-0.16026
-0.019993,-0.15626
-0.018835,-0.15229
-0.017708,-0.14832
-0.016611,-0.14438
-0.015545,-0.14046
-0.014509,-0.13658
-0.013503,-0.13272
-0.012526,-0.12891
-0.011579,-0.12514
-0.010661,-0.12142
-0.0097726,-0.11775
-0.0089126,-0.11414
-0.0080813,-0.1106
-0.0072783,-0.10712
-0.0065036,-0.10371
-0.005757,-0.10039
-0.0050381,-0.09714
-0.0043469,-0.093981
-0.0036832,-0.090912
-0.0030468,-0.087939
-0.0024374,-0.085065
-0.001855,-0.082295
-0.0012993,-0.079634
-0.00077015,-0.077083
-0.00026745,-0.074648
0.00020902,-0.072332
0.00065942,-0.070138
0.0010839,-0.06807
0.0014827,-0.06613
0.0018559,-0.064321
0.0022036,-0.062645
0.0025262,-0.061106
0.0028237,-0.059705
0.0030963,-0.058444
0.0033442,-0.057325
0.0035676,-0.056348
0.0037668,-0.055517
0.0039417,-0.05483
0.0040928,-0.05429
0.0042202,-0.053896
0.0043242,-0.053648
0.0044049,-0.053548
0.0044627,-0.053594
0.0044978,-0.053787
0.0045105,-0.054125
0.0045011,-0.054608
0.00447,-0.055235
0.0044174,-0.056004
0.0043437,-0.056913
0.0042493,-0.057963
0.0041346,-0.059149
0.004,-0.060471
0.0038461,-0.061927
0.0036731,-0.063513
0.0034818,-0.065228
0.0032725,-0.067069
0.0030459,-0.069033
0.0028025,-0.071117
0.0025431,-0.073319
0.0022681,-0.075635
0.0019784,-0.078062
0.0016747,-0.080597
0.0013577,-0.083237
0.0010282,-0.085979
0.00068707,-0.088818
0.00033516,-0.091753
-2.6606e-05,-0.094778
-0.00039729,-0.097891
-0.00077589,-0.10109
-0.0011614,-0.10437
-0.0015527,-0.10772
-0.0019488,-0.11115
-0.0023485,-0.11465
-0.0027506,-0.11822
-0.0031539,-0.12185
-0.0035571,-0.12554
-0.0039589,-0.12929
-0.0043581,-0.1331
-0.0047533,-0.13695
-0.005143,-0.14085
-0.0055258,-0.1448
-0.0059003,-0.14879
-0.0062649,-0.15281
-0.0066182,-0.15687
-0.0069585,-0.16097
-0.0072843,-0.1651
-0.0075941,-0.16925
-0.007886,-0.17343
-0.0081586,-0.17763
-0.0084101,-0.18185
-0.0086389,-0.18609
-0.0088432,-0.19034
-0.0090214,-0.19461
-0.0091716,-0.19888
-0.0092923,-0.20317
-0.0093815,-0.20746
-0.0094377,-0.21175
-0.009459,-0.21605
-0.0094438,-0.22034
-0.0093903,-0.22464
-0.0092968,-0.22892
-0.0091615,-0.23321
-0.0089829,-0.23748
-0.0087592,-0.24174
-0.0084888,-0.24599
-0.0081701,-0.25023
-0.0078014,-0.25445
-0.0073813,-0.25865
-0.0069082,-0.26283
-0.0063805,-0.26699
-0.005797,-0.27112
-0.0051561,-0.27523
-0.0044565,-0.27931
-0.0036969,-0.28335
-0.0028761,-0.28737
-0.0019928,-0.29135
-0.001046,-0.2953
-3.4565e-05,-0.2992
0.0010425,-0.30307
0.0021862,-0.30689
0.0033973,-0.31067
0.0046767,-0.3144
0.006025,-0.31809
0.0074429,-0.32172
0.008931,-0.3253
0.01049,-0.32882
0.01212,-0.33229
0.013821,-0.3357
0.015593,-0.33904
0.017438,-0.34233
0.019354,-0.34555
0.021342,-0.3487
0.023402,-0.35178
0.025533,-0.3548
0.027735,-0.35774
0.030007,-0.36061
0.03235,-0.3634
0.034762,-0.36611
0.037244,-0.36875
0.039793,-0.37131
0.042409,-0.37378
0.045092,-0.37618
0.04784,-0.37849
0.050652,-0.38071
0.053526,-0.38285
0.056462,-0.38491
0.059458,-0.38688
0.062512,-0.38877
0.065623,-0.39056
0.068789,-0.39227
0.072009,-0.3939
0.07528,-0.39543
0.078601,-0.39688
0.081969,-0.39825
0.085383,-0.39953
0.08884,-0.40072
0.092338,-0.40184
0.095875,-0.40287
0.099448,-0.40382
0.10306,-0.40468
0.1067,-0.40548
0.11036,-0.40619
0.11406,-0.40683
0.11778,-0.4074
0.12152,-0.4079
0.12527,-0.40833
0.12905,-0.40869
0.13284,-0.40899
0.13663,-0.40924
0.14044,-0.40942
0.14425,-0.40955
0.14806,-0.40963
0.15187,-0.40966
0.15567,-0.40965
0.15947,-0.40959
0.16326,-0.40949
0.16703,-0.40937
0.17079,-0.4092
0.17453,-0.40902
0.17825,-0.4088
0.18194,-0.40857
0.18561,-0.40832
0.18924,-0.40805
0.19284,-0.40778
0.19641,-0.40749
0.19994,-0.40721
0.20342,-0.40692
