-0.0080006,0.02717
-0.0066166,0.025167
-0.005317,0.023506
-0.0041023,0.022184
-0.0029725,0.021193
-0.0019279,0.020529
-0.00096859,0.020186
-9.4518e-05,0.020157
0.00069431,0.020436
0.001398,0.021016
0.0020167,0.02189
0.0025507,0.023051
0.0030001,0.024492
0.0033655,0.026203
0.0036471,0.028179
0.0038454,0.03041
0.003961,0.032888
0.0039943,0.035604
0.0039461,0.038551
0.0038169,0.041719
0.0036076,0.0451
0.0033188,0.048684
0.0029514,0.052463
0.0025063,0.056428
0.0019843,0.060568
0.0013864,0.064875
0.00071362,0.06934
-3.3049e-05,0.073953
-0.00085253,0.078705
-0.0017437,0.083587
-0.0027055,0.08859
-0.0037367,0.093703
-0.0048361,0.098918
-0.0060025,0.10423
-0.0072347,0.10962
-0.0085313,0.11508
-0.0098911,0.12062
-0.011313,0.1262
-0.012795,0.13184
-0.014336,0.13752
-0.015935,0.14323
-0.017591,0.14896
-0.019301,0.1547
-0.021065,0.16045
-0.022881,0.16621
-0.024748,0.17195
-0.026664,0.17768
-0.028628,0.18338
-0.030638,0.18906
-0.032694,0.19469
-0.034793,0.20029
-0.036934,0.20584
-0.039115,0.21133
-0.041336,0.21676
-0.043595,0.22212
-0.04589,0.22741
-0.04822,0.23262
-0.050584,0.23776
-0.05298,0.2428
-0.055407,0.24776
-0.057863,0.25262
-0.060347,0.25738
-0.062859,0.26205
-0.065396,0.2666
-0.067957,0.27105
-0.070541,0.27539
-0.073147,0.27962
-0.075773,0.28373
-0.078419,0.28773
-0.081083,0.29161
-0.083764,0.29537
-0.086461,0.299
-0.089173,0.30252
-0.091899,0.30592
-0.094637,0.30919
-0.097387,0.31234
-0.10015,0.31536
-0.10292,0.31827
-0.1057,0.32105
-0.10848,0.32371
-0.11128,0.32625
-0.11408,0.32868
-0.11688,0.33098
-0.11969,0.33317
-0.1225,0.33524
-0.12532,0.3372
-0.12814,0.33905
-0.13096,0.34079
-0.13378,0.34242
-0.1366,0.34394
-0.13942,0.34537
-0.14224,0.34669
-0.14505,0.34792
-0.14787,0.34905
-0.15068,0.35009
-0.15349,0.35104
-0.1563,0.3519
-0.1591,0.35268
-0.1619,0.35338
-0.16469,0.354
-0.16748,0.35455
-0.17026,0.35503
-0.17304,0.35543
-0.17581,0.35578
-0.17857,0.35605
-0.18133,0.35627
-0.18408,0.35643
-0.18682,0.35654
-0.18956,0.3566
-0.19229,0.35661
-0.19501,0.35658
-0.19772,0.3565
-0.20043,0.35638
-0.20313,0.35623
-0.20581,0.35604
-0.2085,0.35581
-0.21117,0.35556
-0.21383,0.35529
-0.21649,0.35498
-0.21914,0.35465
-0.22178,0.35431
-0.22441,0.35394
-0.22703,0.35355
-0.22964,0.35315
-0.23225,0.35274
-0.23484,0.35231
-0.23743,0.35187
-0.24001,0.35142
-0.24258,0.35097
-0.24514,0.3505
-0.2477,0.35003
-0.25024,0.34955
-0.25278,0.34907
-0.25531,0.34858
-0.25783,0.34809
-0.26034,0.34759
-0.26285,0.34709
-0.26534,0.34659
-0.26783,0.34608
-0.27031,0.34557
-0.27278,0.34506
-0.27524,0.34454
-0.2777,0.34402
-0.28015,0.3435
-0.28259,0.34297
-0.28502,0.34244
-0.28744,0.3419
-0.28985,0.34136
-0.29226,0.34081
-0.29466,0.34025
-0.29705,0.33968
-0.29943,0.33911
-0.30181,0.33852
-0.30417,0.33793
-0.30653,0.33732
-0.30888,0.3367
-0.31122,0.33607
-0.31356,0.33542
-0.31588,0.33476
-0.3182,0.33407
-0.3205,0.33338
-0.3228,0.33266
-0.32509,0.33192
-0.32737,0.33116
-0.32965,0.33038
-0.33191,0.32958
-0.33416,0.32875
-0.33641,0.3279
-0.33864,0.32702
-0.34086,0.32611
-0.34308,0.32518
-0.34528,0.32422
-0.34748,0.32323
-0.34966,0.3222
-0.35183,0.32115
-0.35399,0.32007
-0.35614,0.31895
-0.35828,0.3178
-0.36041,0.31661
-0.36253,0.3154
-0.36463,0.31414
-0.36672,0.31285
-0.3688,0.31153
-0.37087,0.31017
-0.37293,0.30878
-0.37497,0.30735
-0.377,0.30588
-0.37901,0.30437
-0.38101,0.30283
-0.383,0.30126
-0.38497,0.29964
-0.38693,0.29799
-0.38887,0.29631
-0.3908,0.29458
-0.39271,0.29283
-0.39461,0.29103
-0.39649,0.2892
-0.39836,0.28734
-0.40021,0.28544
-0.40204,0.28351
-0.40386,0.28155
-0.40566,0.27955
-0.40744,0.27752
-0.40921,0.27546
-0.41095,0.27336
-0.41269,0.27124
-0.4144,0.26909
-0.41609,0.2669
-0.41777,0.26469
-0.41943,0.26245
-0.42107,0.26019
-0.42269,0.25789
-0.4243,0.25557
-0.42588,0.25323
-0.42745,0.25086
-0.42899,0.24847
-0.43052,0.24605
-0.43203,0.24361
-0.43352,0.24115
-0.43499,0.23867
-0.43644,0.23617
-0.43787,0.23365
-0.43928,0.23111
-0.44068,0.22855
-0.44205,0.22597
-0.4434,0.22338
-0.44474,0.22076
-0.44605,0.21814
-0.44735,0.21549
-0.44863,0.21283
-0.44989,0.21015
-0.45112,0.20746
-0.45234,0.20475
-0.45355,0.20203
-0.45473,0.1993
-0.45589,0.19655
-0.45704,0.19378
-0.45817,0.191
-0.45927,0.18821
-0.46037,0.18541
-0.46144,0.18259
-0.46249,0.17976
-0.46353,0.17691
-0.46455,0.17405
-0.46556,0.17118
-0.46654,0.16829
-0.46751,0.16539
-0.46846,0.16247
-0.4694,0.15954
-0.47032,0.15659
-0.47123,0.15363
-0.47211,0.15066
-0.47299,0.14767
-0.47384,0.14466
-0.47469,0.14164
-0.47551,0.1386
-0.47632,0.13554
-0.47712,0.13247
-0.4779,0.12938
-0.47867,0.12627
-0.47943,0.12315
-0.48017,0.12
-0.48089,0.11684
-0.48161,0.11366
-0.4823,0.11046
-0.48299,0.10723
-0.48366,0.10399
-0.48432,0.10073
-0.48497,0.097449
-0.4856,0.094146
-0.48622,0.090823
-0.48682,0.087478
-0.48742,0.084112
-0.488,0.080724
-0.48857,0.077315
-0.48912,0.073885
-0.48966,0.070433
-0.49019,0.066959
-0.49071,0.063463
-0.49121,0.059946
-0.4917,0.056408
-0.49218,0.052848
-0.49264,0.049268
-0.49309,0.045667
-0.49353,0.042045
-0.49395,0.038403
-0.49436,0.034741
-0.49476,0.03106
-0.49514,0.02736
-0.49551,0.023642
-0.49586,0.019906
-0.4962,0.016152
-0.49652,0.012383
-0.49683,0.008597
-0.49712,0.0047963
-0.49739,0.00098128
-0.49765,-0.0028472
-0.4979,-0.0066882
-0.49812,-0.010541
-0.49833,-0.014404
-0.49853,-0.018277
-0.4987,-0.022159
-0.49886,-0.026048
-0.499,-0.029944
-0.49912,-0.033845
-0.49922,-0.03775
-0.4993,-0.041658
-0.49937,-0.045567
-0.49941,-0.049478
-0.49943,-0.053387
-0.49943,-0.057294
-0.49942,-0.061197
-0.49938,-0.065096
-0.49932,-0.068988
-0.49923,-0.072873
-0.49913,-0.076748
-0.499,-0.080614
-0.49886,-0.084467
-0.49868,-0.088307
-0.49849,-0.092132
-0.49827,-0.095942
-0.49803,-0.099734
-0.49777,-0.10351
-0.49748,-0.10726
-0.49717,-0.11099
-0.49684,-0.1147
-0.49648,-0.11838
-0.49609,-0.12204
-0.49569,-0.12567
-0.49525,-0.12927
-0.4948,-0.13284
-0.49432,-0.13639
-0.49381,-0.1399
-0.49329,-0.14337
-0.49273,-0.14681
-0.49216,-0.15022
-0.49156,-0.15359
-0.49094,-0.15692
-0.49029,-0.16022
-0.48962,-0.16347
-0.48893,-0.16668
-0.48821,-0.16986
-0.48747,-0.17299
-0.48671,-0.17607
-0.48593,-0.17912
-0.48512,-0.18212
-0.4843,-0.18507
-0.48345,-0.18798
-0.48258,-0.19084
-0.4817,-0.19366
-0.48079,-0.19643
-0.47986,-0.19915
-0.47892,-0.20182
-0.47796,-0.20445
-0.47698,-0.20703
-0.47598,-0.20956
-0.47497,-0.21204
-0.47394,-0.21447
-0.47289,-0.21686
-0.47183,-0.2192
-0.47075,-0.22149
-0.46967,-0.22373
-0.46856,-0.22593
-0.46745,-0.22807
-0.46632,-0.23017
-0.46518,-0.23223
-0.46403,-0.23424
-0.46287,-0.2362
-0.4617,-0.23812
-0.46052,-0.23999
-0.45933,-0.24182
-0.45814,-0.24361
-0.45693,-0.24535
-0.45572,-0.24705
-0.4545,-0.24871
-0.45328,-0.25033
-0.45205,-0.25192
-0.45081,-0.25346
-0.44957,-0.25497
-0.44833,-0.25644
-0.44708,-0.25787
-0.44582,-0.25927
-0.44457,-0.26063
-0.44331,-0.26197
-0.44204,-0.26327
-0.44078,-0.26454
-0.43951,-0.26578
-0.43824,-0.26699
-0.43696,-0.26818
-0.43569,-0.26934
-0.43441,-0.27047
-0.43314,-0.27158
-0.43186,-0.27267
-0.43057,-0.27373
-0.42929,-0.27478
-0.428,-0.2758
-0.42672,-0.2768
-0.42543,-0.27779
-0.42413,-0.27876
-0.42284,-0.27971
-0.42154,-0.28065
-0.42024,-0.28158
-0.41894,-0.28249
-0.41763,-0.28339
-0.41632,-0.28428
-0.415,-0.28515
-0.41368,-0.28602
-0.41236,-0.28688
-0.41103,-0.28773
-0.40969,-0.28857
-0.40835,-0.28941
-0.407,-0.29024
-0.40564,-0.29106
-0.40428,-0.29188
-0.40291,-0.2927
-0.40152,-0.29351
-0.40013,-0.29431
-0.39873,-0.29511
-0.39732,-0.29591
-0.3959,-0.29671
-0.39446,-0.29751
-0.39301,-0.2983
-0.39155,-0.29909
-0.39008,-0.29987
-0.38859,-0.30066
-0.38708,-0.30144
-0.38557,-0.30222
-0.38403,-0.303
-0.38248,-0.30378
-0.38091,-0.30455
-0.37933,-0.30532
-0.37772,-0.30608
-0.3761,-0.30685
-0.37446,-0.30761
-0.37281,-0.30836
-0.37113,-0.30911
-0.36943,-0.30985
-0.36771,-0.31059
-0.36597,-0.31132
-0.36421,-0.31204
-0.36243,-0.31276
-0.36063,-0.31346
-0.35881,-0.31416
-0.35697,-0.31485
-0.3551,-0.31552
-0.35322,-0.31619
-0.35131,-0.31684
-0.34938,-0.31748
-0.34743,-0.3181
-0.34546,-0.31871
-0.34347,-0.3193
-0.34145,-0.31987
-0.33942,-0.32043
-0.33737,-0.32096
-0.33529,-0.32148
-0.3332,-0.32197
-0.33109,-0.32244
-0.32896,-0.32289
-0.32681,-0.32332
-0.32464,-0.32372
-0.32246,-0.32409
-0.32026,-0.32444
-0.31804,-0.32475
-0.31581,-0.32504
-0.31356,-0.3253
-0.3113,-0.32553
-0.30903,-0.32572
-0.30675,-0.32589
-0.30445,-0.32602
-0.30215,-0.32611
-0.29983,-0.32617
-0.29751,-0.32619
-0.29517,-0.32618
-0.29283,-0.32613
-0.29049,-0.32604
-0.28814,-0.32592
-0.28578,-0.32575
-0.28343,-0.32554
-0.28107,-0.3253
-0.27871,-0.32501
-0.27635,-0.32468
-0.27398,-0.32431
-0.27163,-0.3239
-0.26927,-0.32345
-0.26692,-0.32295
-0.26457,-0.32242
-0.26223,-0.32184
-0.25989,-0.32121
-0.25756,-0.32055
-0.25524,-0.31984
-0.25292,-0.31909
-0.25062,-0.3183
-0.24833,-0.31746
-0.24605,-0.31659
-0.24378,-0.31567
-0.24152,-0.31471
-0.23927,-0.31371
-0.23704,-0.31267
-0.23483,-0.31159
-0.23263,-0.31048
-0.23044,-0.30932
-0.22827,-0.30812
-0.22612,-0.30689
-0.22398,-0.30562
-0.22186,-0.30432
-0.21975,-0.30298
-0.21767,-0.3016
-0.2156,-0.3002
-0.21355,-0.29876
-0.21152,-0.29728
-0.2095,-0.29578
-0.20751,-0.29425
-0.20553,-0.29269
-0.20357,-0.2911
-0.20163,-0.28949
-0.1997,-0.28785
-0.19779,-0.28618
-0.1959,-0.28449
-0.19403,-0.28278
-0.19217,-0.28105
-0.19033,-0.2793
-0.18851,-0.27753
-0.1867,-0.27574
-0.18491,-0.27393
-0.18313,-0.27211
-0.18136,-0.27027
-0.17961,-0.26842
-0.17787,-0.26656
-0.17615,-0.26468
-0.17444,-0.26279
-0.17273,-0.2609
-0.17104,-0.25899
-0.16936,-0.25708
-0.16769,-0.25516
-0.16602,-0.25323
-0.16437,-0.2513
-0.16272,-0.24937
-0.16107,-0.24743
-0.15944,-0.24549
-0.15781,-0.24354
-0.15618,-0.24159
-0.15456,-0.23965
-0.15294,-0.2377
-0.15132,-0.23575
-0.14971,-0.23381
-0.14809,-0.23186
-0.14648,-0.22992
-0.14487,-0.22797
-0.14325,-0.22604
-0.14164,-0.2241
-0.14002,-0.22216
-0.13841,-0.22023
-0.13679,-0.21831
-0.13517,-0.21638
-0.13354,-0.21446
-0.13191,-0.21255
-0.13028,-0.21064
-0.12864,-0.20873
-0.127,-0.20682
-0.12536,-0.20492
-0.12371,-0.20303
-0.12206,-0.20113
-0.1204,-0.19925
-0.11874,-0.19736
-0.11707,-0.19548
-0.1154,-0.1936
-0.11372,-0.19172
-0.11204,-0.18985
-0.11036,-0.18798
-0.10867,-0.18611
-0.10698,-0.18424
-0.10528,-0.18238
-0.10358,-0.18051
-0.10188,-0.17865
-0.10018,-0.17679
-0.098476,-0.17493
-0.096771,-0.17307
-0.095066,-0.17122
-0.09336,-0.16936
-0.091656,-0.1675
-0.089953,-0.16564
-0.088252,-0.16378
-0.086555,-0.16193
-0.08486,-0.16007
-0.08317,-0.15821
-0.081486,-0.15635
-0.079807,-0.15449
-0.078135,-0.15263
-0.07647,-0.15077
-0.074815,-0.14891
-0.073168,-0.14705
-0.071532,-0.14519
-0.069907,-0.14334
-0.068293,-0.14148
-0.066693,-0.13962
-0.065107,-0.13777
-0.063535,-0.13592
-0.061979,-0.13407
-0.060439,-0.13222
-0.058917,-0.13038
-0.057412,-0.12854
-0.055927,-0.12671
-0.054462,-0.12488
-0.053017,-0.12306
-0.051594,-0.12124
-0.050193,-0.11944
-0.048815,-0.11764
-0.047461,-0.11585
-0.046132,-0.11408
-0.044827,-0.11232
-0.043548,-0.11057
-0.042296,-0.10883
-0.04107,-0.10711
-0.039872,-0.10541
-0.038702,-0.10372
-0.03756,-0.10205
-0.036448,-0.10041
-0.035364,-0.098785
-0.03431,-0.097183
-0.033286,-0.095606
-0.032292,-0.094055
-0.031329,-0.092531
-0.030396,-0.091035
-0.029495,-0.089569
-0.028623,-0.088134
-0.027783,-0.086732
-0.026974,-0.085364
-0.026196,-0.084031
-0.025448,-0.082735
-0.024732,-0.081477
-0.024046,-0.080258
-0.02339,-0.07908
-0.022764,-0.077944
-0.022169,-0.076851
-0.021603,-0.075802
-0.021066,-0.074799
-0.020558,-0.073843
-0.020079,-0.072934
-0.019628,-0.072074
-0.019204,-0.071265
-0.018807,-0.070506
-0.018437,-0.069799
-0.018092,-0.069144
-0.017773,-0.068543
-0.017479,-0.067996
-0.017209,-0.067504
-0.016962,-0.067067
-0.016738,-0.066687
-0.016536,-0.066362
-0.016355,-0.066094
-0.016195,-0.065884
-0.016055,-0.065731
-0.015933,-0.065635
-0.01583,-0.065597
-0.015745,-0.065616
-0.015676,-0.065693
-0.015623,-0.065827
-0.015585,-0.066019
-0.015562,-0.066267
-0.015552,-0.066572
-0.015555,-0.066934
-0.01557,-0.06735
-0.015596,-0.067822
-0.015633,-0.068347
-0.015679,-0.068927
-0.015735,-0.069559
-0.015798,-0.070242
-0.015869,-0.070977
-0.015947,-0.071761
-0.016031,-0.072594
-0.01612,-0.073475
-0.016214,-0.074402
-0.016312,-0.075374
-0.016413,-0.07639
-0.016517,-0.077448
-0.016624,-0.078548
-0.016732,-0.079687
-0.016841,-0.080863
-0.016951,-0.082077
-0.01706,-0.083325
-0.01717,-0.084607
-0.017278,-0.085921
-0.017386,-0.087265
-0.017491,-0.088637
-0.017595,-0.090036
-0.017696,-0.09146
-0.017794,-0.092908
-0.017889,-0.094378
-0.01798,-0.095867
-0.018068,-0.097376
-0.018152,-0.0989
-0.018231,-0.10044
-0.018306,-0.10199
-0.018377,-0.10356
-0.018442,-0.10514
-0.018503,-0.10672
-0.018558,-0.10831
-0.018609,-0.10991
-0.018653,-0.11151
-0.018693,-0.11312
-0.018726,-0.11473
-0.018754,-0.11633
-0.018777,-0.11794
-0.018793,-0.11955
-0.018804,-0.12115
-0.018809,-0.12275
-0.018808,-0.12434
-0.018802,-0.12593
-0.018789,-0.12751
-0.018771,-0.12908
-0.018746,-0.13064
-0.018716,-0.1322
-0.01868,-0.13374
-0.018638,-0.13528
-0.01859,-0.1368
-0.018536,-0.13831
-0.018477,-0.13981
-0.018411,-0.14131
-0.01834,-0.14278
-0.018263,-0.14425
-0.01818,-0.14571
-0.018091,-0.14715
-0.017996,-0.14858
-0.017896,-0.15
-0.017789,-0.15141
-0.017676,-0.15281
-0.017557,-0.1542
-0.017433,-0.15558
-0.017301,-0.15695
-0.017164,-0.15831
-0.01702,-0.15966
-0.01687,-0.16101
-0.016713,-0.16234
-0.016549,-0.16367
-0.016379,-0.165
-0.016201,-0.16632
-0.016017,-0.16764
-0.015825,-0.16895
-0.015626,-0.17026
-0.015419,-0.17157
-0.015204,-0.17289
-0.014981,-0.1742
-0.014751,-0.17551
-0.014511,-0.17682
-0.014263,-0.17814
-0.014006,-0.17947
-0.01374,-0.18079
-0.013465,-0.18213
-0.01318,-0.18347
-0.012886,-0.18482
-0.012581,-0.18618
-0.012266,-0.18755
-0.01194,-0.18892
-0.011603,-0.19031
-0.011256,-0.19171
-0.010897,-0.19313
-0.010526,-0.19455
-0.010143,-0.196
-0.0097485,-0.19745
-0.0093412,-0.19892
-0.0089213,-0.2004
-0.0084884,-0.2019
-0.0080424,-0.20342
-0.0075828,-0.20495
-0.0071096,-0.2065
-0.0066225,-0.20806
-0.0061213,-0.20964
-0.0056057,-0.21124
-0.0050755,-0.21285
-0.0045305,-0.21448
-0.0039706,-0.21613
-0.0033956,-0.21779
-0.0028052,-0.21946
-0.0021993,-0.22115
-0.0015777,-0.22285
-0.00094039,-0.22457
-0.00028714,-0.2263
0.00038217,-0.22804
0.0010676,-0.22979
0.0017693,-0.23156
0.0024874,-0.23333
0.0032219,-0.23511
0.0039728,-0.2369
0.0047403,-0.23869
0.0055243,-0.24049
0.006325,-0.24229
0.0071422,-0.24409
0.0079761,-0.2459
0.0088266,-0.24771
0.0096937,-0.24951
0.010577,-0.25131
0.011478,-0.25311
0.012394,-0.2549
0.013328,-0.25668
0.014277,-0.25846
0.015243,-0.26022
0.016225,-0.26197
0.017223,-0.26371
0.018238,-0.26544
0.019268,-0.26714
0.020314,-0.26883
0.021376,-0.2705
0.022454,-0.27215
0.023547,-0.27377
0.024656,-0.27537
0.02578,-0.27695
0.026919,-0.2785
0.028073,-0.28002
0.029243,-0.28151
0.030427,-0.28297
0.031626,-0.2844
0.03284,-0.2858
0.034069,-0.28716
0.035312,-0.28849
0.03657,-0.28978
0.037842,-0.29104
0.039128,-0.29226
0.040429,-0.29344
0.041744,-0.29458
0.043073,-0.29568
0.044416,-0.29675
0.045773,-0.29777
0.047145,-0.29876
0.048531,-0.2997
0.049931,-0.30061
0.051345,-0.30148
0.052773,-0.3023
0.054216,-0.30309
0.055673,-0.30384
0.057145,-0.30455
0.058631,-0.30523
0.060132,-0.30587
0.061648,-0.30647
0.063179,-0.30704
0.064724,-0.30758
0.066286,-0.30808
0.067862,-0.30855
0.069455,-0.309
0.071063,-0.30942
0.072687,-0.30981
0.074328,-0.31018
0.075985,-0.31052
0.07766,-0.31085
0.079351,-0.31116
0.08106,-0.31145
0.082786,-0.31173
0.084531,-0.312
0.086294,-0.31226
0.088075,-0.31251
0.089875,-0.31276
0.091695,-0.31301
0.093534,-0.31327
0.095393,-0.31352
0.097273,-0.31379
0.099173,-0.31406
0.10109,-0.31436
0.10304,-0.31466
0.105,-0.31499
0.10699,-0.31534
0.10899,-0.31571
0.11102,-0.31612
0.11308,-0.31656
0.11515,-0.31703
0.11725,-0.31754
0.11938,-0.3181
0.12152,-0.31869
0.1237,-0.31934
0.12589,-0.32004
0.12811,-0.32079
0.13036,-0.3216
0.13263,-0.32247
0.13493,-0.3234
0.13725,-0.3244
0.13959,-0.32547
0.14197,-0.32661
