0.0064045,-0.025364
0.0052944,-0.018229
0.0041446,-0.011226
0.0029575,-0.0043549
0.001735,0.0023837
0.00047954,0.0089906
-0.00080685,0.015466
-0.0021219,0.021812
-0.0034635,0.028028
-0.0048294,0.034116
-0.0062174,0.040076
-0.0076255,0.045911
-0.0090514,0.051622
-0.010493,0.057209
-0.011948,0.062676
-0.013415,0.068024
-0.014892,0.073254
-0.016377,0.078369
-0.017867,0.083371
-0.019361,0.088263
-0.020857,0.093045
-0.022354,0.097722
-0.02385,0.10229
-0.025343,0.10677
-0.026831,0.11114
-0.028313,0.11542
-0.029789,0.1196
-0.031255,0.12369
-0.032712,0.1277
-0.034158,0.13162
-0.035592,0.13545
-0.037013,0.13921
-0.03842,0.14289
-0.039812,0.1465
-0.041189,0.15003
-0.04255,0.1535
-0.043895,0.1569
-0.045222,0.16024
-0.046532,0.16351
-0.047825,0.16673
-0.049099,0.1699
-0.050356,0.17301
-0.051595,0.17607
-0.052816,0.17908
-0.05402,0.18205
-0.055207,0.18497
-0.056377,0.18786
-0.05753,0.19071
-0.058668,0.19352
-0.05979,0.19629
-0.060898,0.19904
-0.061992,0.20175
-0.063073,0.20443
-0.064142,0.20709
-0.0652,0.20973
-0.066248,0.21234
-0.067288,0.21493
-0.068319,0.21749
-0.069344,0.22004
-0.070364,0.22257
-0.07138,0.22509
-0.072393,0.22759
-0.073405,0.23007
-0.074417,0.23254
-0.075431,0.235
-0.076448,0.23744
-0.07747,0.23987
-0.078497,0.2423
-0.079533,0.24471
-0.080577,0.24711
-0.081632,0.2495
-0.0827,0.25188
-0.083781,0.25425
-0.084877,0.25661
-0.08599,0.25897
-0.087121,0.26131
-0.088272,0.26364
-0.089444,0.26597
-0.090639,0.26828
-0.091857,0.27058
-0.093101,0.27288
-0.094371,0.27516
-0.095668,0.27743
-0.096995,0.27968
-0.098352,0.28193
-0.09974,0.28416
-0.10116,0.28638
-0.10261,0.28858
-0.1041,0.29076
-0.10562,0.29294
-0.10718,0.29509
-0.10877,0.29723
-0.11041,0.29935
-0.11207,0.30144
-0.11378,0.30352
-0.11553,0.30558
-0.11731,0.30762
-0.11914,0.30963
-0.121,0.31162
-0.1229,0.31359
-0.12485,0.31553
-0.12683,0.31745
-0.12885,0.31934
-0.13091,0.3212
-0.13302,0.32303
-0.13516,0.32483
-0.13733,0.3266
-0.13955,0.32834
-0.14181,0.33005
-0.1441,0.33173
-0.14642,0.33337
-0.14879,0.33498
-0.15119,0.33655
-0.15362,0.33809
-0.15609,0.33959
-0.15858,0.34105
-0.16111,0.34248
-0.16368,0.34386
-0.16627,0.34521
-0.16888,0.34651
-0.17153,0.34777
-0.1742,0.349
-0.17689,0.35017
-0.17961,0.35131
-0.18236,0.3524
-0.18512,0.35345
-0.1879,0.35445
-0.1907,0.3554
-0.19352,0.35631
-0.19635,0.35718
-0.1992,0.35799
-0.20206,0.35876
-0.20493,0.35947
-0.20781,0.36014
-0.2107,0.36076
-0.2136,0.36133
-0.2165,0.36184
-0.21941,0.36231
-0.22232,0.36272
-0.22524,0.36308
-0.22815,0.36338
-0.23107,0.36363
-0.23398,0.36383
-0.23689,0.36397
-0.2398,0.36405
-0.2427,0.36408
-0.24559,0.36405
-0.24848,0.36397
-0.25136,0.36382
-0.25424,0.36362
-0.2571,0.36336
-0.25995,0.36303
-0.26279,0.36265
-0.26561,0.36221
-0.26842,0.3617
-0.27122,0.36114
-0.274,0.36051
-0.27677,0.35982
-0.27952,0.35906
-0.28226,0.35825
-0.28497,0.35736
-0.28767,0.35641
-0.29036,0.3554
-0.29302,0.35432
-0.29566,0.35318
-0.29828,0.35197
-0.30089,0.35069
-0.30347,0.34934
-0.30604,0.34793
-0.30858,0.34645
-0.3111,0.34491
-0.3136,0.34329
-0.31608,0.34161
-0.31854,0.33985
-0.32098,0.33803
-0.3234,0.33614
-0.3258,0.33419
-0.32817,0.33216
-0.33052,0.33006
-0.33286,0.3279
-0.33517,0.32567
-0.33746,0.32337
-0.33973,0.321
-0.34198,0.31857
-0.3442,0.31607
-0.34641,0.3135
-0.3486,0.31087
-0.35076,0.30817
-0.35291,0.3054
-0.35503,0.30257
-0.35714,0.29968
-0.35922,0.29672
-0.36128,0.2937
-0.36333,0.29062
-0.36535,0.28748
-0.36736,0.28428
-0.36934,0.28102
-0.3713,0.27771
-0.37325,0.27433
-0.37517,0.2709
-0.37707,0.26742
-0.37896,0.26389
-0.38082,0.2603
-0.38266,0.25667
-0.38449,0.25298
-0.38629,0.24925
-0.38807,0.24547
-0.38983,0.24165
-0.39157,0.23779
-0.39329,0.23388
-0.39499,0.22993
-0.39667,0.22595
-0.39833,0.22193
-0.39997,0.21788
-0.40158,0.21379
-0.40317,0.20968
-0.40474,0.20553
-0.40629,0.20136
-0.40782,0.19716
-0.40932,0.19294
-0.4108,0.18869
-0.41225,0.18443
-0.41368,0.18015
-0.41509,0.17585
-0.41648,0.17153
-0.41783,0.1672
-0.41917,0.16286
-0.42048,0.15851
-0.42176,0.15415
-0.42302,0.14979
-0.42425,0.14542
-0.42546,0.14105
-0.42664,0.13667
-0.42779,0.1323
-0.42891,0.12793
-0.43001,0.12356
-0.43108,0.11919
-0.43212,0.11483
-0.43314,0.11047
-0.43413,0.10613
-0.43508,0.10179
-0.43601,0.097466
-0.43692,0.093151
-0.43779,0.088849
-0.43863,0.084561
-0.43945,0.080287
-0.44023,0.076028
-0.44099,0.071786
-0.44172,0.067561
-0.44242,0.063353
-0.44309,0.059164
-0.44373,0.054994
-0.44434,0.050844
-0.44492,0.046713
-0.44547,0.042603
-0.446,0.038514
-0.44649,0.034446
-0.44696,0.0304
-0.4474,0.026376
-0.44781,0.022373
-0.44819,0.018393
-0.44854,0.014435
-0.44887,0.010499
-0.44917,0.0065852
-0.44944,0.0026941
-0.44968,-0.0011747
-0.4499,-0.0050213
-0.45009,-0.0088456
-0.45025,-0.012648
-0.45039,-0.016428
-0.45051,-0.020187
-0.45059,-0.023924
-0.45066,-0.02764
-0.4507,-0.031335
-0.45071,-0.035008
-0.4507,-0.038661
-0.45067,-0.042293
-0.45061,-0.045905
-0.45053,-0.049497
-0.45043,-0.05307
-0.4503,-0.056622
-0.45016,-0.060155
-0.44999,-0.063669
-0.4498,-0.067164
-0.44959,-0.07064
-0.44936,-0.074097
-0.44911,-0.077536
-0.44884,-0.080956
-0.44856,-0.084357
-0.44825,-0.08774
-0.44792,-0.091105
-0.44758,-0.094451
-0.44721,-0.097779
-0.44683,-0.10109
-0.44643,-0.10438
-0.44601,-0.10765
-0.44558,-0.11091
-0.44513,-0.11414
-0.44466,-0.11736
-0.44418,-0.12055
-0.44368,-0.12373
-0.44316,-0.12689
-0.44263,-0.13002
-0.44208,-0.13314
-0.44151,-0.13623
-0.44093,-0.13931
-0.44034,-0.14236
-0.43973,-0.14539
-0.4391,-0.14839
-0.43846,-0.15138
-0.4378,-0.15434
-0.43713,-0.15727
-0.43645,-0.16018
-0.43574,-0.16307
-0.43503,-0.16593
-0.4343,-0.16876
-0.43355,-0.17157
-0.43279,-0.17435
-0.43202,-0.1771
-0.43123,-0.17982
-0.43042,-0.18251
-0.4296,-0.18518
-0.42876,-0.18781
-0.42791,-0.19041
-0.42705,-0.19298
-0.42617,-0.19552
-0.42527,-0.19803
-0.42436,-0.20051
-0.42344,-0.20295
-0.42249,-0.20536
-0.42154,-0.20773
-0.42057,-0.21008
-0.41958,-0.21238
-0.41857,-0.21466
-0.41755,-0.2169
-0.41652,-0.2191
-0.41547,-0.22127
-0.4144,-0.2234
-0.41331,-0.2255
-0.41221,-0.22757
-0.4111,-0.2296
-0.40996,-0.23159
-0.40881,-0.23356
-0.40765,-0.23548
-0.40646,-0.23738
-0.40526,-0.23924
-0.40405,-0.24106
-0.40281,-0.24286
-0.40156,-0.24462
-0.40029,-0.24635
-0.39901,-0.24804
-0.3977,-0.24971
-0.39638,-0.25135
-0.39505,-0.25295
-0.39369,-0.25453
-0.39232,-0.25608
-0.39092,-0.25761
-0.38952,-0.2591
-0.38809,-0.26057
-0.38664,-0.26202
-0.38518,-0.26344
-0.3837,-0.26484
-0.3822,-0.26622
-0.38068,-0.26757
-0.37915,-0.2689
-0.37759,-0.27022
-0.37602,-0.27152
-0.37443,-0.27279
-0.37282,-0.27406
-0.37119,-0.2753
-0.36954,-0.27653
-0.36788,-0.27775
-0.36619,-0.27895
-0.36449,-0.28014
-0.36277,-0.28132
-0.36103,-0.28249
-0.35927,-0.28365
-0.35749,-0.2848
-0.3557,-0.28594
-0.35388,-0.28707
-0.35205,-0.28819
-0.3502,-0.28931
-0.34832,-0.29042
-0.34643,-0.29152
-0.34453,-0.29262
-0.3426,-0.29372
-0.34065,-0.2948
-0.33869,-0.29589
-0.33671,-0.29696
-0.33471,-0.29804
-0.33269,-0.29911
-0.33065,-0.30017
-0.3286,-0.30123
-0.32652,-0.30228
-0.32443,-0.30333
-0.32232,-0.30437
-0.3202,-0.30541
-0.31806,-0.30644
-0.31589,-0.30746
-0.31372,-0.30848
-0.31152,-0.30948
-0.30931,-0.31048
-0.30709,-0.31147
-0.30485,-0.31245
-0.30259,-0.31341
-0.30031,-0.31437
-0.29802,-0.31531
-0.29572,-0.31623
-0.2934,-0.31714
-0.29107,-0.31804
-0.28872,-0.31891
-0.28636,-0.31977
-0.28399,-0.32061
-0.28161,-0.32143
-0.27921,-0.32222
-0.2768,-0.32299
-0.27438,-0.32373
-0.27194,-0.32445
-0.2695,-0.32514
-0.26705,-0.3258
-0.26458,-0.32643
-0.26211,-0.32703
-0.25963,-0.3276
-0.25714,-0.32813
-0.25465,-0.32863
-0.25214,-0.32909
-0.24963,-0.32951
-0.24712,-0.32989
-0.24459,-0.33024
-0.24207,-0.33054
-0.23954,-0.3308
-0.237,-0.33101
-0.23446,-0.33119
-0.23192,-0.33131
-0.22938,-0.3314
-0.22683,-0.33143
-0.22429,-0.33142
-0.22174,-0.33136
-0.2192,-0.33125
-0.21665,-0.33109
-0.21411,-0.33088
-0.21156,-0.33063
-0.20902,-0.33032
-0.20649,-0.32996
-0.20395,-0.32956
-0.20142,-0.3291
-0.1989,-0.32859
-0.19638,-0.32804
-0.19386,-0.32743
-0.19135,-0.32677
-0.18885,-0.32607
-0.18635,-0.32532
-0.18386,-0.32452
-0.18138,-0.32367
-0.17891,-0.32277
-0.17645,-0.32183
-0.17399,-0.32085
-0.17155,-0.31982
-0.16911,-0.31875
-0.16668,-0.31764
-0.16427,-0.31648
-0.16186,-0.31529
-0.15947,-0.31406
-0.15709,-0.31279
-0.15472,-0.31149
-0.15236,-0.31015
-0.15001,-0.30878
-0.14768,-0.30738
-0.14536,-0.30595
-0.14305,-0.3045
-0.14076,-0.30301
-0.13848,-0.3015
-0.13621,-0.29997
-0.13396,-0.29842
-0.13172,-0.29685
-0.12949,-0.29525
-0.12728,-0.29365
-0.12509,-0.29202
-0.1229,-0.29039
-0.12074,-0.28874
-0.11859,-0.28708
-0.11645,-0.28541
-0.11433,-0.28374
-0.11222,-0.28206
-0.11013,-0.28037
-0.10806,-0.27868
-0.106,-0.277
-0.10396,-0.2753
-0.10193,-0.27362
-0.099919,-0.27193
-0.097924,-0.27024
-0.095947,-0.26856
-0.093985,-0.26689
-0.092041,-0.26522
-0.090113,-0.26355
-0.088203,-0.2619
-0.086309,-0.26025
-0.084433,-0.25861
-0.082575,-0.25698
-0.080734,-0.25536
-0.078911,-0.25375
-0.077107,-0.25215
-0.07532,-0.25056
-0.073552,-0.24898
-0.071803,-0.24741
-0.070073,-0.24585
-0.068362,-0.24431
-0.06667,-0.24277
-0.064998,-0.24124
-0.063346,-0.23972
-0.061714,-0.23821
-0.060102,-0.23671
-0.058511,-0.23521
-0.05694,-0.23372
-0.055391,-0.23224
-0.053863,-0.23077
-0.052357,-0.2293
-0.050872,-0.22783
-0.04941,-0.22637
-0.04797,-0.22491
-0.046553,-0.22345
-0.045158,-0.22199
-0.043787,-0.22053
-0.042439,-0.21906
-0.041115,-0.2176
-0.039814,-0.21613
-0.038537,-0.21465
-0.037285,-0.21317
-0.036057,-0.21168
-0.034853,-0.21018
-0.033675,-0.20867
-0.032521,-0.20715
-0.031392,-0.20561
-0.030288,-0.20407
-0.029209,-0.20251
-0.028156,-0.20093
-0.027127,-0.19934
-0.026125,-0.19772
-0.025147,-0.1961
-0.024195,-0.19445
-0.023268,-0.19278
-0.022367,-0.19109
-0.02149,-0.18938
-0.020639,-0.18764
-0.019813,-0.18588
-0.019011,-0.1841
-0.018234,-0.1823
-0.017481,-0.18047
-0.016753,-0.17862
-0.016048,-0.17674
-0.015367,-0.17484
-0.014709,-0.17291
-0.014074,-0.17096
-0.013462,-0.16898
-0.012872,-0.16698
-0.012304,-0.16496
-0.011757,-0.16291
-0.011231,-0.16083
-0.010726,-0.15874
-0.010241,-0.15662
-0.0097746,-0.15449
-0.0093275,-0.15233
-0.0088988,-0.15015
-0.0084879,-0.14796
-0.0080942,-0.14575
-0.0077171,-0.14352
-0.0073561,-0.14128
-0.0070105,-0.13902
-0.0066796,-0.13675
-0.0063629,-0.13448
-0.0060597,-0.13219
-0.0057693,-0.1299
-0.0054912,-0.1276
-0.0052247,-0.1253
-0.0049691,-0.123
-0.0047238,-0.1207
-0.0044881,-0.1184
-0.0042614,-0.1161
-0.0040431,-0.11382
-0.0038325,-0.11154
-0.0036291,-0.10927
-0.0034323,-0.10702
-0.0032414,-0.10478
-0.0030559,-0.10255
-0.0028753,-0.10035
-0.0026989,-0.098174
-0.0025264,-0.09602
-0.0023571,-0.093892
-0.0021906,-0.091793
-0.0020265,-0.089726
-0.0018643,-0.087693
-0.0017035,-0.085695
-0.0015439,-0.083736
-0.0013851,-0.081818
-0.0012266,-0.079942
-0.0010682,-0.078111
-0.00090969,-0.076327
-0.00075069,-0.074593
-0.000591,-0.07291
-0.00043043,-0.07128
-0.00026878,-0.069706
-0.00010589,-0.068189
5.8349e-05,-0.066731
0.00022406,-0.065335
0.00039132,-0.064001
0.00056019,-0.062731
0.00073071,-0.061528
0.00090288,-0.060393
0.0010767,-0.059327
0.0012522,-0.058331
0.0014292,-0.057407
0.0016077,-0.056557
0.0017877,-0.055781
0.0019691,-0.055081
0.0021516,-0.054457
0.0023354,-0.053911
0.0025201,-0.053443
0.0027057,-0.053055
0.002892,-0.052746
0.0030789,-0.052518
0.0032663,-0.05237
0.0034539,-0.052305
0.0036417,-0.052321
0.0038296,-0.052419
0.0040173,-0.052599
0.0042047,-0.052862
0.0043918,-0.053207
0.0045784,-0.053635
0.0047645,-0.054144
0.0049499,-0.054736
0.0051345,-0.055409
0.0053184,-0.056164
0.0055015,-0.056999
0.0056838,-0.057914
0.0058653,-0.058909
0.0060461,-0.059983
0.0062261,-0.061136
0.0064056,-0.062366
0.0065845,-0.063672
0.0067632,-0.065054
0.0069416,-0.06651
0.0071201,-0.06804
0.0072989,-0.069643
0.0074782,-0.071317
0.0076583,-0.07306
0.0078396,-0.074873
0.0080224,-0.076753
0.0082071,-0.078699
0.0083941,-0.08071
0.0085839,-0.082785
0.0087769,-0.084921
0.0089737,-0.087117
0.0091748,-0.089372
0.0093808,-0.091685
0.0095922,-0.094053
0.0098097,-0.096475
0.010034,-0.098949
0.010266,-0.10147
0.010505,-0.10405
0.010754,-0.10667
0.011012,-0.10934
0.01128,-0.11205
0.011559,-0.1148
0.01185,-0.11759
0.012154,-0.12042
0.01247,-0.12329
0.012801,-0.12619
0.013147,-0.12913
0.013509,-0.1321
0.013887,-0.13509
0.014282,-0.13812
0.014695,-0.14117
0.015127,-0.14424
0.015579,-0.14734
0.016051,-0.15046
0.016544,-0.15359
0.017058,-0.15675
0.017595,-0.15991
0.018155,-0.1631
0.018739,-0.16629
0.019347,-0.16949
0.01998,-0.17271
0.020638,-0.17592
0.021322,-0.17915
0.022032,-0.18237
0.022769,-0.1856
0.023533,-0.18883
0.024324,-0.19205
0.025143,-0.19528
0.02599,-0.19849
0.026865,-0.20171
0.027768,-0.20491
0.0287,-0.2081
0.02966,-0.21128
0.030649,-0.21445
0.031666,-0.2176
0.032711,-0.22074
0.033784,-0.22386
0.034885,-0.22696
0.036014,-0.23005
0.03717,-0.23311
0.038352,-0.23614
0.039562,-0.23916
0.040797,-0.24214
0.042059,-0.2451
0.043345,-0.24804
0.044656,-0.25094
0.04599,-0.25381
0.047348,-0.25665
0.048728,-0.25946
0.050131,-0.26224
0.051554,-0.26498
0.052998,-0.26768
0.054461,-0.27034
0.055943,-0.27297
0.057442,-0.27556
0.058959,-0.27811
0.060492,-0.28062
0.06204,-0.28309
0.063603,-0.28551
0.065179,-0.28789
0.066767,-0.29023
0.068368,-0.29253
0.069979,-0.29478
0.0716,-0.29698
0.073231,-0.29914
0.07487,-0.30125
0.076517,-0.30331
0.078171,-0.30533
0.079831,-0.3073
0.081497,-0.30923
0.083167,-0.3111
0.084842,-0.31293
0.086521,-0.31471
0.088203,-0.31644
0.089889,-0.31812
0.091576,-0.31976
0.093267,-0.32135
0.094959,-0.32289
0.096653,-0.32438
0.098349,-0.32583
0.10005,-0.32723
0.10175,-0.32858
0.10345,-0.32989
0.10515,-0.33115
0.10686,-0.33237
0.10857,-0.33354
0.11028,-0.33468
0.11199,-0.33577
0.11372,-0.33681
0.11544,-0.33782
0.11717,-0.33879
0.11891,-0.33972
0.12066,-0.34061
0.12241,-0.34147
0.12418,-0.34229
0.12596,-0.34307
0.12775,-0.34383
0.12955,-0.34455
0.13137,-0.34524
0.13321,-0.3459
0.13506,-0.34654
0.13694,-0.34714
0.13883,-0.34773
0.14076,-0.34829
0.1427,-0.34883
0.14468,-0.34935
0.14668,-0.34985
0.14872,-0.35033
0.15079,-0.3508
0.1529,-0.35126
0.15504,-0.3517
0.15723,-0.35214
0.15946,-0.35256
0.16173,-0.35298
0.16406,-0.3534
0.16643,-0.35381
0.16885,-0.35422
0.17133,-0.35463
0.17386,-0.35504
0.17645,-0.35545
0.17911,-0.35587
0.18183,-0.3563
0.18461,-0.35673
0.18746,-0.35717
0.19038,-0.35763
0.19338,-0.3581
0.19644,-0.35858
0.19959,-0.35908
0.20281,-0.3596
0.20611,-0.36013
0.20949,-0.36069
0.21296,-0.36126
0.21651,-0.36186
0.22015,-0.36248
0.22388,-0.36313
0.22769,-0.3638
0.2316,-0.3645
0.2356,-0.36523
0.23969,-0.36599
0.24387,-0.36677
