0.00095841,0.0033118
0.0011234,0.0058976
0.0010147,0.0087791
0.0006417,0.011943
1.397e-05,0.015377
-0.00085864,0.019067
-0.001966,0.022998
-0.0032978,0.027159
-0.0048436,0.031533
-0.0065926,0.036108
-0.0085342,0.040868
-0.010657,0.0458
-0.012951,0.05089
-0.015405,0.056124
-0.018007,0.061486
-0.020747,0.066964
-0.023615,0.072544
-0.026598,0.078212
-0.029688,0.083955
-0.032873,0.08976
-0.036142,0.095614
-0.039487,0.1015
-0.042897,0.10742
-0.046363,0.11335
-0.049874,0.11928
-0.053424,0.1252
-0.057002,0.1311
-0.0606,0.13697
-0.064211,0.1428
-0.067827,0.14858
-0.071441,0.15431
-0.075046,0.15997
-0.078636,0.16556
-0.082205,0.17107
-0.085747,0.1765
-0.089258,0.18183
-0.092732,0.18707
-0.096167,0.1922
-0.099557,0.19723
-0.1029,0.20215
-0.10619,0.20696
-0.10944,0.21165
-0.11262,0.21622
-0.11576,0.22068
-0.11883,0.22501
-0.12185,0.22923
-0.12481,0.23332
-0.12771,0.23729
-0.13056,0.24113
-0.13335,0.24486
-0.13609,0.24847
-0.13877,0.25196
-0.14141,0.25534
-0.14399,0.2586
-0.14653,0.26176
-0.14903,0.2648
-0.15148,0.26774
-0.1539,0.27058
-0.15628,0.27332
-0.15863,0.27596
-0.16096,0.27851
-0.16326,0.28098
-0.16554,0.28336
-0.1678,0.28565
-0.17006,0.28788
-0.1723,0.29002
-0.17455,0.2921
-0.17679,0.29411
-0.17903,0.29606
-0.18129,0.29795
-0.18355,0.29978
-0.18583,0.30156
-0.18813,0.30329
-0.19045,0.30498
-0.19279,0.30661
-0.19516,0.30821
-0.19757,0.30977
-0.2,0.31129
-0.20247,0.31277
-0.20498,0.31422
-0.20753,0.31564
-0.21013,0.31702
-0.21276,0.31838
-0.21544,0.3197
-0.21817,0.32099
-0.22094,0.32225
-0.22376,0.32349
-0.22662,0.32469
-0.22953,0.32586
-0.23249,0.327
-0.2355,0.32811
-0.23855,0.32919
-0.24165,0.33023
-0.24479,0.33123
-0.24797,0.3322
-0.25119,0.33312
-0.25445,0.33401
-0.25774,0.33485
-0.26107,0.33565
-0.26443,0.33639
-0.26782,0.33709
-0.27124,0.33774
-0.27468,0.33833
-0.27815,0.33886
-0.28163,0.33933
-0.28512,0.33975
-0.28863,0.3401
-0.29214,0.34038
-0.29567,0.3406
-0.29919,0.34074
-0.30271,0.34082
-0.30623,0.34082
-0.30974,0.34074
-0.31324,0.34059
-0.31673,0.34036
-0.3202,0.34005
-0.32365,0.33966
-0.32708,0.33919
-0.33049,0.33863
-0.33387,0.338
-0.33722,0.33728
-0.34053,0.33648
-0.34382,0.33559
-0.34707,0.33463
-0.35028,0.33358
-0.35345,0.33245
-0.35658,0.33124
-0.35967,0.32995
-0.36271,0.32858
-0.36571,0.32713
-0.36867,0.32561
-0.37158,0.32402
-0.37445,0.32235
-0.37727,0.32062
-0.38004,0.31881
-0.38277,0.31694
-0.38546,0.31501
-0.3881,0.31302
-0.3907,0.31097
-0.39325,0.30887
-0.39576,0.30671
-0.39823,0.3045
-0.40066,0.30224
-0.40305,0.29994
-0.40541,0.2976
-0.40773,0.29522
-0.41001,0.2928
-0.41226,0.29034
-0.41448,0.28785
-0.41667,0.28534
-0.41884,0.28279
-0.42098,0.28022
-0.42309,0.27762
-0.42518,0.27501
-0.42725,0.27237
-0.42931,0.26971
-0.43134,0.26704
-0.43336,0.26434
-0.43537,0.26164
-0.43737,0.25892
-0.43935,0.25618
-0.44132,0.25343
-0.44329,0.25067
-0.44525,0.24789
-0.4472,0.2451
-0.44915,0.2423
-0.45109,0.23948
-0.45303,0.23665
-0.45497,0.2338
-0.45691,0.23093
-0.45884,0.22804
-0.46077,0.22514
-0.4627,0.22221
-0.46463,0.21926
-0.46656,0.21629
-0.46849,0.21329
-0.47041,0.21026
-0.47233,0.20721
-0.47425,0.20412
-0.47616,0.20099
-0.47807,0.19783
-0.47998,0.19463
-0.48187,0.19139
-0.48376,0.18811
-0.48564,0.18478
-0.48751,0.18141
-0.48937,0.17798
-0.49122,0.17451
-0.49306,0.17098
-0.49488,0.1674
-0.49668,0.16376
-0.49847,0.16007
-0.50023,0.15631
-0.50198,0.1525
-0.5037,0.14863
-0.5054,0.14469
-0.50708,0.14069
-0.50873,0.13663
-0.51035,0.13251
-0.51195,0.12832
-0.51351,0.12408
-0.51505,0.11976
-0.51655,0.11539
-0.51802,0.11096
-0.51946,0.10647
-0.52086,0.10191
-0.52222,0.097307
-0.52355,0.092643
-0.52485,0.087927
-0.52611,0.083159
-0.52733,0.078343
-0.52851,0.07348
-0.52965,0.068573
-0.53076,0.063625
-0.53182,0.05864
-0.53285,0.053619
-0.53384,0.048567
-0.5348,0.043486
-0.53571,0.03838
-0.53659,0.033253
-0.53743,0.028108
-0.53823,0.022948
-0.53899,0.017778
-0.53972,0.012601
-0.54042,0.0074202
-0.54107,0.0022397
-0.5417,-0.0029369
-0.54229,-0.0081061
-0.54284,-0.013264
-0.54337,-0.018408
-0.54386,-0.023535
-0.54431,-0.02864
-0.54474,-0.033721
-0.54514,-0.038775
-0.5455,-0.0438
-0.54584,-0.048792
-0.54615,-0.053748
-0.54642,-0.058667
-0.54667,-0.063547
-0.54689,-0.068385
-0.54709,-0.073179
-0.54725,-0.077929
-0.54739,-0.082632
-0.5475,-0.087287
-0.54758,-0.091893
-0.54763,-0.09645
-0.54765,-0.10096
-0.54765,-0.10541
-0.54761,-0.10982
-0.54755,-0.11417
-0.54746,-0.11848
-0.54733,-0.12273
-0.54718,-0.12694
-0.54699,-0.13109
-0.54677,-0.1352
-0.54652,-0.13926
-0.54624,-0.14327
-0.54591,-0.14724
-0.54556,-0.15117
-0.54516,-0.15505
-0.54473,-0.15889
-0.54426,-0.16269
-0.54375,-0.16646
-0.5432,-0.17019
-0.5426,-0.17388
-0.54197,-0.17755
-0.54128,-0.18118
-0.54056,-0.18478
-0.53978,-0.18836
-0.53896,-0.19191
-0.53809,-0.19543
-0.53718,-0.19893
-0.53621,-0.20241
-0.53519,-0.20587
-0.53412,-0.20931
-0.53299,-0.21273
-0.53182,-0.21614
-0.53059,-0.21952
-0.5293,-0.2229
-0.52796,-0.22625
-0.52657,-0.22959
-0.52512,-0.23292
-0.52362,-0.23623
-0.52206,-0.23953
-0.52045,-0.24281
-0.51878,-0.24608
-0.51706,-0.24933
-0.51528,-0.25257
-0.51346,-0.25578
-0.51157,-0.25898
-0.50964,-0.26216
-0.50765,-0.26532
-0.50562,-0.26845
-0.50353,-0.27156
-0.5014,-0.27465
-0.49922,-0.2777
-0.49699,-0.28073
-0.49472,-0.28373
-0.4924,-0.28669
-0.49004,-0.28962
-0.48765,-0.29251
-0.48521,-0.29536
-0.48273,-0.29817
-0.48022,-0.30094
-0.47767,-0.30366
-0.4751,-0.30633
-0.47249,-0.30895
-0.46985,-0.31152
-0.46718,-0.31403
-0.46448,-0.31649
-0.46177,-0.31889
-0.45902,-0.32123
-0.45626,-0.32351
-0.45348,-0.32573
-0.45068,-0.32788
-0.44786,-0.32996
-0.44502,-0.33198
-0.44217,-0.33393
-0.43931,-0.33581
-0.43644,-0.33763
-0.43356,-0.33937
-0.43066,-0.34104
-0.42776,-0.34264
-0.42485,-0.34417
-0.42193,-0.34563
-0.41901,-0.34701
-0.41608,-0.34833
-0.41315,-0.34957
-0.41021,-0.35075
-0.40727,-0.35186
-0.40433,-0.3529
-0.40138,-0.35387
-0.39843,-0.35478
-0.39548,-0.35563
-0.39253,-0.35641
-0.38957,-0.35713
-0.38661,-0.35779
-0.38365,-0.35839
-0.38068,-0.35893
-0.37771,-0.35942
-0.37474,-0.35986
-0.37176,-0.36025
-0.36878,-0.36058
-0.3658,-0.36088
-0.36281,-0.36112
-0.35981,-0.36132
-0.35681,-0.36148
-0.35381,-0.3616
-0.35079,-0.36168
-0.34777,-0.36173
-0.34474,-0.36174
-0.3417,-0.36172
-0.33866,-0.36166
-0.33561,-0.36158
-0.33254,-0.36146
-0.32947,-0.36132
-0.32639,-0.36115
-0.32329,-0.36095
-0.32019,-0.36073
-0.31708,-0.36049
-0.31395,-0.36022
-0.31082,-0.35993
-0.30767,-0.35961
-0.30452,-0.35928
-0.30135,-0.35892
-0.29818,-0.35853
-0.29499,-0.35813
-0.29179,-0.3577
-0.28858,-0.35725
-0.28537,-0.35677
-0.28214,-0.35627
-0.27891,-0.35574
-0.27567,-0.35519
-0.27242,-0.35461
-0.26916,-0.354
-0.2659,-0.35336
-0.26263,-0.3527
-0.25935,-0.352
-0.25608,-0.35127
-0.2528,-0.35051
-0.24951,-0.34971
-0.24623,-0.34888
-0.24294,-0.34801
-0.23965,-0.3471
-0.23637,-0.34615
-0.23308,-0.34517
-0.2298,-0.34414
-0.22652,-0.34307
-0.22324,-0.34196
-0.21997,-0.3408
-0.2167,-0.3396
-0.21344,-0.33836
-0.21019,-0.33707
-0.20695,-0.33573
-0.20371,-0.33435
-0.20048,-0.33292
-0.19726,-0.33145
-0.19406,-0.32992
-0.19086,-0.32835
-0.18768,-0.32673
-0.1845,-0.32507
-0.18134,-0.32336
-0.17819,-0.3216
-0.17506,-0.3198
-0.17194,-0.31796
-0.16883,-0.31607
-0.16574,-0.31414
-0.16266,-0.31216
-0.1596,-0.31015
-0.15655,-0.30809
-0.15351,-0.306
-0.1505,-0.30387
-0.1475,-0.3017
-0.14451,-0.2995
-0.14154,-0.29726
-0.13859,-0.29499
-0.13565,-0.2927
-0.13273,-0.29037
-0.12983,-0.28801
-0.12694,-0.28563
-0.12407,-0.28322
-0.12122,-0.28079
-0.11839,-0.27833
-0.11557,-0.27585
-0.11277,-0.27336
-0.10999,-0.27084
-0.10723,-0.2683
-0.10449,-0.26575
-0.10177,-0.26318
-0.099068,-0.2606
-0.096388,-0.25799
-0.093729,-0.25538
-0.091092,-0.25275
-0.088478,-0.2501
-0.085888,-0.24745
-0.083321,-0.24478
-0.080779,-0.24209
-0.078264,-0.23939
-0.075775,-0.23668
-0.073313,-0.23396
-0.07088,-0.23121
-0.068477,-0.22846
-0.066105,-0.22569
-0.063765,-0.2229
-0.061457,-0.2201
-0.059184,-0.21728
-0.056946,-0.21444
-0.054744,-0.21159
-0.052581,-0.20871
-0.050456,-0.20582
-0.048371,-0.2029
-0.046327,-0.19996
-0.044326,-0.197
-0.042368,-0.19401
-0.040456,-0.191
-0.038589,-0.18797
-0.036769,-0.18491
-0.034997,-0.18182
-0.033275,-0.17871
-0.031602,-0.17557
-0.02998,-0.1724
-0.02841,-0.16921
-0.026892,-0.16599
-0.025428,-0.16275
-0.024017,-0.15948
-0.02266,-0.15618
-0.021358,-0.15286
-0.020111,-0.14951
-0.018919,-0.14615
-0.017783,-0.14276
-0.016702,-0.13935
-0.015676,-0.13593
-0.014705,-0.13249
-0.013789,-0.12904
-0.012928,-0.12558
-0.01212,-0.12211
-0.011366,-0.11863
-0.010664,-0.11515
-0.010013,-0.11168
-0.0094136,-0.10821
-0.0088636,-0.10475
-0.0083621,-0.1013
-0.0079078,-0.097871
-0.0074994,-0.094463
-0.0071354,-0.09108
-0.0068143,-0.087729
-0.0065344,-0.084413
-0.0062941,-0.081137
-0.0060917,-0.077907
-0.0059252,-0.074727
-0.0057929,-0.071603
-0.0056928,-0.06854
-0.005623,-0.065544
-0.0055813,-0.062619
-0.0055659,-0.059771
-0.0055746,-0.057006
-0.0056054,-0.054328
-0.0056562,-0.051743
-0.005725,-0.049256
-0.0058097,-0.046872
-0.0059082,-0.044596
-0.0060186,-0.042434
-0.0061389,-0.040388
-0.0062671,-0.038465
-0.0064014,-0.036669
-0.0065399,-0.035003
-0.0066809,-0.033472
-0.0068227,-0.03208
-0.0069636,-0.030829
-0.0071021,-0.029724
-0.0072368,-0.028766
-0.0073662,-0.02796
-0.007489,-0.027307
-0.0076042,-0.026809
-0.0077105,-0.026468
-0.0078071,-0.026286
-0.0078929,-0.026264
-0.0079673,-0.026403
-0.0080295,-0.026702
-0.008079,-0.027163
-0.0081153,-0.027785
-0.0081381,-0.028568
-0.0081469,-0.029511
-0.0081418,-0.030613
-0.0081226,-0.031872
-0.0080893,-0.033287
-0.0080421,-0.034856
-0.0079811,-0.036576
-0.0079066,-0.038445
-0.007819,-0.040459
-0.0077187,-0.042616
-0.0076061,-0.044913
-0.0074818,-0.047345
-0.0073464,-0.049909
-0.0072006,-0.0526
-0.0070449,-0.055415
-0.0068802,-0.058349
-0.006707,-0.061397
-0.0065263,-0.064555
-0.0063387,-0.067818
-0.0061449,-0.07118
-0.0059457,-0.074637
-0.0057419,-0.078184
-0.0055342,-0.081816
-0.0053231,-0.085526
-0.0051095,-0.089311
-0.0048938,-0.093165
-0.0046766,-0.097082
-0.0044585,-0.10106
-0.0042398,-0.10509
-0.004021,-0.10916
-0.0038023,-0.11328
-0.003584,-0.11744
-0.0033662,-0.12163
-0.003149,-0.12586
-0.0029324,-0.1301
-0.0027162,-0.13437
-0.0025003,-0.13865
-0.0022844,-0.14294
-0.002068,-0.14724
-0.0018509,-0.15154
-0.0016322,-0.15585
-0.0014115,-0.16015
-0.001188,-0.16444
-0.00096082,-0.16873
-0.00072905,-0.173
-0.00049172,-0.17726
-0.00024773,-0.1815
4.0566e-06,-0.18572
0.00026487,-0.18992
0.00053599,-0.19409
0.00081877,-0.19824
0.0011146,-0.20236
0.001425,-0.20645
0.0017513,-0.21051
0.0020952,-0.21454
0.0024581,-0.21854
0.0028417,-0.2225
0.0032475,-0.22643
0.0036772,-0.23032
0.0041323,-0.23418
0.0046144,-0.23799
0.005125,-0.24177
0.0056658,-0.24552
0.0062383,-0.24922
0.0068438,-0.25288
0.0074839,-0.25651
0.0081599,-0.26009
0.0088731,-0.26364
0.0096249,-0.26714
0.010416,-0.2706
0.011248,-0.27402
0.012122,-0.2774
0.013039,-0.28073
0.013999,-0.28402
0.015004,-0.28726
0.016054,-0.29046
0.017149,-0.29362
0.01829,-0.29672
0.019477,-0.29978
0.020711,-0.30279
0.021992,-0.30575
0.023319,-0.30865
0.024693,-0.31151
0.026114,-0.31431
0.027581,-0.31705
0.029093,-0.31974
0.030651,-0.32237
0.032253,-0.32493
0.0339,-0.32744
0.035589,-0.32988
0.037322,-0.33225
0.039095,-0.33456
0.04091,-0.3368
0.042764,-0.33897
0.044656,-0.34107
0.046586,-0.34309
0.048552,-0.34504
0.050552,-0.34691
0.052587,-0.3487
0.054654,-0.35041
0.056752,-0.35204
0.05888,-0.35358
0.061037,-0.35504
0.063221,-0.35642
0.065431,-0.35771
0.067667,-0.35892
0.069927,-0.36003
0.072209,-0.36107
0.074514,-0.36201
0.07684,-0.36287
0.079186,-0.36364
0.081551,-0.36433
0.083935,-0.36493
0.086337,-0.36545
0.088757,-0.36588
0.091195,-0.36624
0.09365,-0.36652
0.096121,-0.36673
0.09861,-0.36686
0.10112,-0.36693
0.10364,-0.36692
0.10618,-0.36686
0.10874,-0.36674
0.11132,-0.36657
0.11392,-0.36635
0.11654,-0.36608
0.11918,-0.36578
0.12185,-0.36544
0.12454,-0.36508
0.12726,-0.3647
0.13,-0.36431
0.13278,-0.36391
0.13558,-0.36351
0.13842,-0.36312
0.1413,-0.36274
0.14421,-0.36239
0.14716,-0.36208
0.15016,-0.3618
0.1532,-0.36157
0.15629,-0.3614
0.15942,-0.36129
0.16261,-0.36126
0.16586,-0.36131
0.16916,-0.36146
0.17252,-0.36171
0.17595,-0.36206
0.17944,-0.36254
0.183,-0.36315
0.18664,-0.36389
0.19034,-0.36478
0.19412,-0.36582
0.19798,-0.36703
0.20193,-0.3684
0.20595,-0.36996
0.21006,-0.3717
0.21426,-0.37364
