0.0090272,0.0086467
0.0077194,0.0132
0.0063504,0.017995
0.0049239,0.023023
0.0034432,0.028273
0.0019118,0.033735
0.00033294,0.039397
-0.0012901,0.045247
-0.0029541,0.051275
-0.0046561,0.057469
-0.0063931,0.063815
-0.0081624,0.070302
-0.0099614,0.076918
-0.011788,0.083649
-0.013639,0.090483
-0.015513,0.097408
-0.017408,0.10441
-0.019322,0.11148
-0.021255,0.1186
-0.023204,0.12576
-0.025169,0.13296
-0.027149,0.14016
-0.029143,0.14738
-0.031152,0.15459
-0.033176,0.16178
-0.035213,0.16894
-0.037266,0.17607
-0.039335,0.18314
-0.04142,0.19016
-0.043523,0.19712
-0.045645,0.204
-0.047787,0.21079
-0.049952,0.2175
-0.052141,0.2241
-0.054357,0.2306
-0.056601,0.23699
-0.058875,0.24327
-0.061183,0.24942
-0.063527,0.25545
-0.065909,0.26134
-0.068333,0.2671
-0.0708,0.27273
-0.073313,0.27821
-0.075876,0.28355
-0.078492,0.28875
-0.081162,0.29381
-0.083889,0.29872
-0.086676,0.30348
-0.089526,0.3081
-0.09244,0.31257
-0.095422,0.3169
-0.098472,0.32109
-0.10159,0.32514
-0.10479,0.32904
-0.10806,0.33281
-0.1114,0.33644
-0.11482,0.33994
-0.11832,0.34331
-0.12189,0.34655
-0.12555,0.34967
-0.12928,0.35266
-0.13309,0.35554
-0.13698,0.3583
-0.14094,0.36095
-0.14498,0.36349
-0.1491,0.36592
-0.15328,0.36825
-0.15754,0.37048
-0.16187,0.37261
-0.16626,0.37465
-0.17072,0.3766
-0.17524,0.37845
-0.17981,0.38022
-0.18444,0.3819
-0.18912,0.3835
-0.19385,0.38502
-0.19862,0.38645
-0.20343,0.38781
-0.20827,0.38909
-0.21314,0.39029
-0.21804,0.39142
-0.22296,0.39246
-0.22789,0.39344
-0.23284,0.39433
-0.23779,0.39515
-0.24274,0.39589
-0.24769,0.39655
-0.25264,0.39714
-0.25757,0.39764
-0.26249,0.39806
-0.26738,0.3984
-0.27226,0.39866
-0.2771,0.39883
-0.28191,0.39891
-0.28668,0.39891
-0.29141,0.39881
-0.2961,0.39862
-0.30075,0.39834
-0.30534,0.39796
-0.30989,0.39748
-0.31437,0.3969
-0.31881,0.39621
-0.32319,0.39543
-0.3275,0.39453
-0.33176,0.39353
-0.33596,0.39242
-0.3401,0.3912
-0.34417,0.38987
-0.34819,0.38842
-0.35214,0.38686
-0.35603,0.38518
-0.35986,0.38339
-0.36364,0.38148
-0.36736,0.37945
-0.37102,0.37731
-0.37463,0.37505
-0.37818,0.37267
-0.38169,0.37018
-0.38515,0.36756
-0.38857,0.36484
-0.39194,0.362
-0.39527,0.35905
-0.39857,0.35598
-0.40183,0.35281
-0.40506,0.34952
-0.40826,0.34613
-0.41144,0.34264
-0.41459,0.33904
-0.41772,0.33534
-0.42084,0.33154
-0.42394,0.32765
-0.42702,0.32367
-0.4301,0.31959
-0.43316,0.31543
-0.43622,0.31118
-0.43928,0.30685
-0.44232,0.30244
-0.44537,0.29795
-0.44842,0.29339
-0.45146,0.28876
-0.4545,0.28406
-0.45755,0.27929
-0.46059,0.27446
-0.46363,0.26958
-0.46667,0.26463
-0.46971,0.25963
-0.47275,0.25458
-0.47578,0.24948
-0.47881,0.24433
-0.48183,0.23914
-0.48483,0.2339
-0.48783,0.22863
-0.49081,0.22331
-0.49378,0.21796
-0.49672,0.21257
-0.49964,0.20715
-0.50254,0.2017
-0.50541,0.19622
-0.50824,0.19071
-0.51103,0.18517
-0.51379,0.17961
-0.5165,0.17402
-0.51917,0.16841
-0.52178,0.16278
-0.52434,0.15712
-0.52685,0.15145
-0.52929,0.14576
-0.53167,0.14004
-0.53397,0.13432
-0.53621,0.12857
-0.53838,0.12281
-0.54046,0.11704
-0.54247,0.11125
-0.5444,0.10545
-0.54624,0.09964
-0.548,0.09382
-0.54967,0.087991
-0.55125,0.082154
-0.55274,0.076311
-0.55414,0.070464
-0.55545,0.064612
-0.55666,0.058759
-0.55779,0.052905
-0.55882,0.047052
-0.55976,0.041202
-0.56061,0.035356
-0.56137,0.029516
-0.56204,0.023685
-0.56263,0.017863
-0.56313,0.012053
-0.56355,0.0062573
-0.56389,0.00047731
-0.56415,-0.0052846
-0.56433,-0.011026
-0.56445,-0.016746
-0.56449,-0.022441
-0.56447,-0.028109
-0.56438,-0.033749
-0.56423,-0.039358
-0.56403,-0.044934
-0.56377,-0.050475
-0.56347,-0.05598
-0.56312,-0.061445
-0.56272,-0.066869
-0.56229,-0.072252
-0.56182,-0.077589
-0.56132,-0.082882
-0.56079,-0.088127
-0.56024,-0.093323
-0.55966,-0.098469
-0.55906,-0.10356
-0.55844,-0.10861
-0.55781,-0.1136
-0.55716,-0.11854
-0.5565,-0.12342
-0.55584,-0.12825
-0.55517,-0.13303
-0.55449,-0.13775
-0.5538,-0.14242
-0.55312,-0.14703
-0.55243,-0.15159
-0.55173,-0.1561
-0.55104,-0.16056
-0.55034,-0.16496
-0.54964,-0.16932
-0.54893,-0.17363
-0.54822,-0.17789
-0.54751,-0.18211
-0.54678,-0.18628
-0.54605,-0.19041
-0.54531,-0.1945
-0.54456,-0.19855
-0.5438,-0.20257
-0.54302,-0.20655
-0.54222,-0.2105
-0.5414,-0.21442
-0.54056,-0.21831
-0.5397,-0.22218
-0.53881,-0.22602
-0.53788,-0.22985
-0.53693,-0.23365
-0.53594,-0.23743
-0.53491,-0.2412
-0.53384,-0.24495
-0.53272,-0.2487
-0.53157,-0.25243
-0.53036,-0.25615
-0.5291,-0.25986
-0.52779,-0.26357
-0.52643,-0.26727
-0.52501,-0.27097
-0.52353,-0.27466
-0.52199,-0.27835
-0.52039,-0.28204
-0.51872,-0.28572
-0.517,-0.2894
-0.5152,-0.29308
-0.51335,-0.29675
-0.51142,-0.30042
-0.50943,-0.30408
-0.50738,-0.30774
-0.50526,-0.31138
-0.50307,-0.31503
-0.50082,-0.31866
-0.4985,-0.32227
-0.49611,-0.32588
-0.49367,-0.32947
-0.49116,-0.33304
-0.48859,-0.33659
-0.48596,-0.34012
-0.48328,-0.34363
-0.48054,-0.34711
-0.47774,-0.35056
-0.47489,-0.35397
-0.472,-0.35736
-0.46905,-0.3607
-0.46606,-0.364
-0.46302,-0.36727
-0.45994,-0.37048
-0.45682,-0.37365
-0.45366,-0.37676
-0.45047,-0.37982
-0.44725,-0.38283
-0.44399,-0.38577
-0.44071,-0.38865
-0.43739,-0.39147
-0.43405,-0.39423
-0.43069,-0.39691
-0.42731,-0.39952
-0.42391,-0.40207
-0.42049,-0.40453
-0.41705,-0.40692
-0.41359,-0.40924
-0.41013,-0.41147
-0.40665,-0.41363
-0.40315,-0.4157
-0.39965,-0.4177
-0.39614,-0.41961
-0.39261,-0.42143
-0.38908,-0.42317
-0.38554,-0.42483
-0.38199,-0.42641
-0.37843,-0.4279
-0.37487,-0.4293
-0.37129,-0.43062
-0.36771,-0.43186
-0.36413,-0.43301
-0.36053,-0.43409
-0.35693,-0.43507
-0.35332,-0.43598
-0.3497,-0.43681
-0.34608,-0.43756
-0.34244,-0.43822
-0.3388,-0.43881
-0.33514,-0.43933
-0.33148,-0.43977
-0.32781,-0.44013
-0.32413,-0.44042
-0.32044,-0.44063
-0.31674,-0.44078
-0.31303,-0.44085
-0.30931,-0.44086
-0.30558,-0.4408
-0.30184,-0.44067
-0.29808,-0.44047
-0.29433,-0.44021
-0.29056,-0.43988
-0.28678,-0.43949
-0.283,-0.43904
-0.2792,-0.43853
-0.2754,-0.43795
-0.2716,-0.43731
-0.26779,-0.43661
-0.26398,-0.43585
-0.26016,-0.43503
-0.25634,-0.43415
-0.25252,-0.43321
-0.2487,-0.43221
-0.24489,-0.43115
-0.24107,-0.43003
-0.23726,-0.42884
-0.23346,-0.4276
-0.22966,-0.4263
-0.22587,-0.42493
-0.2221,-0.42351
-0.21833,-0.42202
-0.21458,-0.42046
-0.21084,-0.41885
-0.20712,-0.41717
-0.20342,-0.41542
-0.19973,-0.41361
-0.19607,-0.41173
-0.19243,-0.40978
-0.18881,-0.40776
-0.18522,-0.40568
-0.18165,-0.40352
-0.17811,-0.40129
-0.1746,-0.39899
-0.17111,-0.39662
-0.16766,-0.39417
-0.16424,-0.39165
-0.16084,-0.38906
-0.15748,-0.38638
-0.15416,-0.38363
-0.15086,-0.3808
-0.1476,-0.37789
-0.14438,-0.3749
-0.14119,-0.37184
-0.13803,-0.36869
-0.13491,-0.36546
-0.13182,-0.36215
-0.12877,-0.35875
-0.12575,-0.35528
-0.12277,-0.35172
-0.11982,-0.34808
-0.11691,-0.34435
-0.11403,-0.34055
-0.11118,-0.33666
-0.10837,-0.33268
-0.10559,-0.32863
-0.10285,-0.32449
-0.10013,-0.32028
-0.097456,-0.31598
-0.094809,-0.3116
-0.092194,-0.30715
-0.089611,-0.30262
-0.087059,-0.29801
-0.084539,-0.29332
-0.082051,-0.28856
-0.079593,-0.28374
-0.077166,-0.27884
-0.074771,-0.27387
-0.072406,-0.26884
-0.070073,-0.26374
-0.067771,-0.25858
-0.0655,-0.25337
-0.063261,-0.2481
-0.061054,-0.24278
-0.05888,-0.2374
-0.056737,-0.23199
-0.054628,-0.22653
-0.052553,-0.22104
-0.050511,-0.21551
-0.048505,-0.20995
-0.046533,-0.20437
-0.044597,-0.19877
-0.042698,-0.19316
-0.040836,-0.18754
-0.039012,-0.18191
-0.037227,-0.17628
-0.035481,-0.17067
-0.033775,-0.16506
-0.03211,-0.15948
-0.030487,-0.15393
-0.028905,-0.1484
-0.027367,-0.14292
-0.025872,-0.13748
-0.024422,-0.1321
-0.023016,-0.12678
-0.021656,-0.12152
-0.020341,-0.11634
-0.019073,-0.11125
-0.017851,-0.10624
-0.016677,-0.10133
-0.015549,-0.096528
-0.014469,-0.091837
-0.013437,-0.087267
-0.012453,-0.082823
-0.011516,-0.078515
-0.010627,-0.074349
-0.0097853,-0.070333
-0.0089911,-0.066472
-0.008244,-0.062775
-0.0075437,-0.059248
-0.0068897,-0.055898
-0.0062816,-0.05273
-0.0057188,-0.049751
-0.0052009,-0.046967
-0.0047271,-0.044382
-0.0042968,-0.042003
-0.0039092,-0.039834
-0.0035636,-0.037879
-0.0032592,-0.036142
-0.0029951,-0.034628
-0.0027704,-0.033339
-0.0025842,-0.032278
-0.0024357,-0.031448
-0.0023238,-0.03085
-0.0022476,-0.030486
-0.0022061,-0.030357
-0.0021984,-0.030464
-0.0022235,-0.030807
-0.0022804,-0.031385
-0.0023681,-0.032197
-0.0024857,-0.033241
-0.0026321,-0.034517
-0.0028065,-0.036021
-0.003008,-0.037751
-0.0032354,-0.039703
-0.0034881,-0.041873
-0.0037649,-0.044258
-0.0040651,-0.046852
-0.0043876,-0.04965
-0.0047317,-0.052648
-0.0050964,-0.055838
-0.0054807,-0.059215
-0.0058838,-0.062772
-0.0063048,-0.066502
-0.0067427,-0.070398
-0.0071966,-0.074452
-0.0076654,-0.078657
-0.0081481,-0.083005
-0.0086437,-0.087488
-0.009151,-0.092096
-0.009669,-0.096823
-0.010196,-0.10166
-0.010732,-0.1066
-0.011274,-0.11163
-0.011821,-0.11674
-0.012372,-0.12193
-0.012925,-0.12719
-0.013479,-0.1325
-0.014031,-0.13786
-0.01458,-0.14327
-0.015123,-0.14871
-0.015658,-0.15418
-0.016184,-0.15967
-0.016698,-0.16516
-0.017196,-0.17067
-0.017677,-0.17617
-0.018138,-0.18166
-0.018576,-0.18714
-0.018987,-0.19259
-0.019369,-0.19803
-0.019718,-0.20343
-0.020031,-0.20879
-0.020305,-0.21412
-0.020535,-0.2194
-0.020718,-0.22463
-0.02085,-0.22982
-0.020928,-0.23495
-0.020948,-0.24002
-0.020904,-0.24504
-0.020794,-0.25
-0.020614,-0.25489
-0.020359,-0.25973
-0.020025,-0.26449
-0.019608,-0.2692
-0.019105,-0.27384
-0.01851,-0.27842
-0.017822,-0.28293
-0.017034,-0.28738
-0.016145,-0.29176
-0.01515,-0.29608
-0.014047,-0.30034
-0.01283,-0.30453
-0.011499,-0.30867
-0.01005,-0.31274
-0.0084799,-0.31676
-0.0067868,-0.32072
-0.0049687,-0.32461
-0.0030237,-0.32846
-0.00095027,-0.33224
0.0012527,-0.33597
0.0035862,-0.33965
0.0060506,-0.34327
0.0086461,-0.34683
0.011372,-0.35034
0.014229,-0.35378
0.017215,-0.35718
0.020328,-0.36051
0.023568,-0.36378
0.026931,-0.36699
0.030415,-0.37014
0.034017,-0.37321
0.037733,-0.37622
0.04156,-0.37916
0.045493,-0.38201
0.049527,-0.38479
0.053656,-0.38748
0.057876,-0.39009
0.06218,-0.39259
0.066562,-0.395
0.071015,-0.3973
0.075531,-0.39949
0.080104,-0.40157
0.084725,-0.40351
0.089386,-0.40533
0.094079,-0.40701
0.098794,-0.40854
0.10352,-0.40992
0.10826,-0.41114
0.11299,-0.41219
0.1177,-0.41306
0.12239,-0.41375
0.12704,-0.41425
0.13166,-0.41454
0.13621,-0.41463
0.14071,-0.4145
0.14512,-0.41415
0.14946,-0.41356
0.15369,-0.41274
0.15783,-0.41167
0.16185,-0.41035
0.16574,-0.40876
0.1695,-0.40691
0.17312,-0.40479
0.17659,-0.40238
0.17989,-0.39969
0.18303,-0.39672
