0.0076151,-0.0018572
0.0057191,0.0055161
0.0039698,0.012695
0.0023612,0.019681
0.00088664,0.026479
-0.00046102,0.03309
-0.0016892,0.03952
-0.0028055,0.045773
-0.0038183,0.051855
-0.0047357,0.057771
-0.0055664,0.063527
-0.0063192,0.06913
-0.0070031,0.074587
-0.0076273,0.079905
-0.0082008,0.085092
-0.0087329,0.090155
-0.0092331,0.095104
-0.0097104,0.099945
-0.010174,0.10469
-0.010633,0.10934
-0.011097,0.11391
-0.011575,0.1184
-0.012074,0.12283
-0.012604,0.1272
-0.013172,0.13153
-0.013787,0.13581
-0.014456,0.14005
-0.015187,0.14427
-0.015986,0.14846
-0.016861,0.15264
-0.017816,0.15681
-0.018858,0.16098
-0.019992,0.16515
-0.021224,0.16933
-0.022557,0.17352
-0.023996,0.17772
-0.025544,0.18193
-0.027204,0.18617
-0.028979,0.19043
-0.030871,0.19471
-0.032882,0.19901
-0.035014,0.20334
-0.037266,0.20769
-0.039639,0.21206
-0.042135,0.21646
-0.044751,0.22087
-0.047487,0.22529
-0.050343,0.22973
-0.053316,0.23418
-0.056405,0.23864
-0.059608,0.24309
-0.062922,0.24754
-0.066345,0.25198
-0.069874,0.25641
-0.073505,0.26081
-0.077236,0.26519
-0.081062,0.26953
-0.084981,0.27384
-0.088988,0.2781
-0.09308,0.2823
-0.097252,0.28645
-0.1015,0.29053
-0.10582,0.29453
-0.11021,0.29846
-0.11467,0.3023
-0.11919,0.30605
-0.12376,0.30969
-0.12839,0.31323
-0.13307,0.31666
-0.13779,0.31997
-0.14256,0.32316
-0.14736,0.32623
-0.15221,0.32916
-0.15708,0.33196
-0.16199,0.33461
-0.16692,0.33713
-0.17188,0.3395
-0.17686,0.34172
-0.18187,0.34379
-0.18689,0.34571
-0.19193,0.34748
-0.19698,0.34909
-0.20205,0.35056
-0.20713,0.35187
-0.21222,0.35303
-0.21732,0.35404
-0.22243,0.35491
-0.22755,0.35562
-0.23268,0.3562
-0.23782,0.35663
-0.24296,0.35693
-0.2481,0.3571
-0.25326,0.35714
-0.25842,0.35705
-0.26358,0.35684
-0.26875,0.35652
-0.27392,0.35608
-0.2791,0.35554
-0.28428,0.3549
-0.28946,0.35416
-0.29465,0.35334
-0.29984,0.35242
-0.30503,0.35143
-0.31022,0.35036
-0.31541,0.34921
-0.32061,0.34801
-0.3258,0.34673
-0.33099,0.3454
-0.33617,0.34402
-0.34136,0.34259
-0.34653,0.3411
-0.3517,0.33958
-0.35686,0.33801
-0.36201,0.3364
-0.36715,0.33475
-0.37227,0.33306
-0.37738,0.33134
-0.38247,0.32959
-0.38754,0.3278
-0.39259,0.32597
-0.39761,0.32411
-0.40261,0.32221
-0.40758,0.32027
-0.41252,0.31828
-0.41742,0.31626
-0.42229,0.31419
-0.42712,0.31207
-0.43191,0.3099
-0.43665,0.30767
-0.44135,0.30538
-0.44601,0.30302
-0.45061,0.3006
-0.45516,0.2981
-0.45966,0.29553
-0.4641,0.29287
-0.46849,0.29012
-0.47281,0.28728
-0.47707,0.28434
-0.48127,0.2813
-0.4854,0.27814
-0.48947,0.27488
-0.49348,0.27149
-0.49741,0.26798
-0.50127,0.26435
-0.50507,0.26058
-0.50879,0.25668
-0.51244,0.25263
-0.51602,0.24845
-0.51953,0.24412
-0.52297,0.23964
-0.52633,0.23501
-0.52962,0.23023
-0.53284,0.2253
-0.53599,0.22021
-0.53906,0.21497
-0.54207,0.20957
-0.545,0.20403
-0.54786,0.19832
-0.55065,0.19247
-0.55337,0.18647
-0.55603,0.18033
-0.55861,0.17404
-0.56113,0.16761
-0.56358,0.16105
-0.56596,0.15435
-0.56828,0.14753
-0.57054,0.14059
-0.57273,0.13354
-0.57485,0.12637
-0.57691,0.11911
-0.57891,0.11174
-0.58085,0.10429
-0.58273,0.096763
-0.58454,0.089158
-0.58629,0.081488
-0.58798,0.073759
-0.58961,0.065981
-0.59118,0.05816
-0.59268,0.050305
-0.59413,0.042425
-0.59551,0.034527
-0.59683,0.02662
-0.59809,0.018711
-0.59928,0.010809
-0.60041,0.0029208
-0.60148,-0.0049456
-0.60249,-0.012783
-0.60343,-0.020584
-0.6043,-0.028342
-0.60511,-0.03605
-0.60585,-0.043702
-0.60653,-0.051292
-0.60714,-0.058814
-0.60767,-0.066263
-0.60815,-0.073634
-0.60855,-0.080923
-0.60888,-0.088125
-0.60914,-0.095236
-0.60933,-0.10225
-0.60945,-0.10917
-0.6095,-0.11599
-0.60947,-0.12271
-0.60938,-0.12933
-0.60921,-0.13584
-0.60898,-0.14225
-0.60867,-0.14854
-0.60829,-0.15474
-0.60783,-0.16082
-0.60731,-0.1668
-0.60672,-0.17267
-0.60606,-0.17844
-0.60533,-0.1841
-0.60453,-0.18966
-0.60367,-0.19512
-0.60273,-0.20048
-0.60174,-0.20575
-0.60068,-0.21092
-0.59955,-0.21599
-0.59837,-0.22098
-0.59712,-0.22588
-0.59582,-0.2307
-0.59445,-0.23543
-0.59303,-0.24009
-0.59156,-0.24467
-0.59003,-0.24917
-0.58845,-0.25361
-0.58681,-0.25797
-0.58513,-0.26227
-0.5834,-0.26651
-0.58162,-0.27068
-0.57979,-0.2748
-0.57793,-0.27886
-0.57601,-0.28286
-0.57406,-0.28681
-0.57206,-0.29071
-0.57002,-0.29455
-0.56794,-0.29835
-0.56582,-0.3021
-0.56367,-0.3058
-0.56147,-0.30945
-0.55924,-0.31306
-0.55697,-0.31662
-0.55467,-0.32013
-0.55233,-0.3236
-0.54995,-0.32702
-0.54753,-0.33039
-0.54508,-0.33372
-0.5426,-0.337
-0.54007,-0.34022
-0.53751,-0.3434
-0.53491,-0.34652
-0.53227,-0.34959
-0.5296,-0.3526
-0.52688,-0.35556
-0.52413,-0.35846
-0.52133,-0.3613
-0.5185,-0.36408
-0.51562,-0.36679
-0.5127,-0.36944
-0.50974,-0.37202
-0.50674,-0.37454
-0.50369,-0.37698
-0.50059,-0.37935
-0.49746,-0.38164
-0.49427,-0.38386
-0.49104,-0.38599
-0.48777,-0.38805
-0.48445,-0.39003
-0.48108,-0.39192
-0.47766,-0.39373
-0.4742,-0.39546
-0.47069,-0.39709
-0.46714,-0.39864
-0.46354,-0.4001
-0.4599,-0.40147
-0.45621,-0.40275
-0.45247,-0.40393
-0.44869,-0.40502
-0.44487,-0.40603
-0.44101,-0.40693
-0.43711,-0.40775
-0.43317,-0.40847
-0.42919,-0.4091
-0.42517,-0.40963
-0.42112,-0.41008
-0.41704,-0.41043
-0.41292,-0.41068
-0.40877,-0.41085
-0.4046,-0.41093
-0.40039,-0.41092
-0.39617,-0.41082
-0.39192,-0.41063
-0.38765,-0.41035
-0.38336,-0.40999
-0.37905,-0.40955
-0.37473,-0.40903
-0.3704,-0.40842
-0.36605,-0.40773
-0.3617,-0.40696
-0.35734,-0.40612
-0.35298,-0.4052
-0.34861,-0.40421
-0.34424,-0.40315
-0.33988,-0.40201
-0.33551,-0.40081
-0.33116,-0.39954
-0.3268,-0.3982
-0.32246,-0.3968
-0.31812,-0.39533
-0.3138,-0.3938
-0.30948,-0.39222
-0.30518,-0.39057
-0.3009,-0.38887
-0.29663,-0.38711
-0.29237,-0.3853
-0.28814,-0.38343
-0.28392,-0.38151
-0.27972,-0.37954
-0.27555,-0.37752
-0.27139,-0.37546
-0.26725,-0.37334
-0.26314,-0.37118
-0.25905,-0.36898
-0.25498,-0.36673
-0.25094,-0.36443
-0.24692,-0.3621
-0.24292,-0.35972
-0.23895,-0.3573
-0.235,-0.35484
-0.23108,-0.35234
-0.22718,-0.3498
-0.2233,-0.34722
-0.21945,-0.3446
-0.21563,-0.34194
-0.21183,-0.33924
-0.20805,-0.33651
-0.20431,-0.33374
-0.20058,-0.33093
-0.19689,-0.32809
-0.19322,-0.32521
-0.18957,-0.3223
-0.18595,-0.31934
-0.18236,-0.31636
-0.17879,-0.31333
-0.17525,-0.31027
-0.17174,-0.30718
-0.16825,-0.30405
-0.16479,-0.30089
-0.16136,-0.29769
-0.15796,-0.29446
-0.15458,-0.2912
-0.15123,-0.2879
-0.14792,-0.28457
-0.14463,-0.28121
-0.14137,-0.27782
-0.13814,-0.27439
-0.13494,-0.27094
-0.13177,-0.26746
-0.12863,-0.26395
-0.12552,-0.26041
-0.12244,-0.25684
-0.11939,-0.25325
-0.11638,-0.24963
-0.1134,-0.24599
-0.11045,-0.24233
-0.10754,-0.23865
-0.10465,-0.23495
-0.10181,-0.23124
-0.098992,-0.22751
-0.096211,-0.22376
-0.093466,-0.22001
-0.090755,-0.21625
-0.088079,-0.21248
-0.085438,-0.2087
-0.082834,-0.20493
-0.080265,-0.20115
-0.077732,-0.19738
-0.075236,-0.19362
-0.072777,-0.18987
-0.070355,-0.18613
-0.067971,-0.18241
-0.065624,-0.1787
-0.063316,-0.17502
-0.061046,-0.17137
-0.058816,-0.16775
-0.056625,-0.16416
-0.054474,-0.16062
-0.052363,-0.15711
-0.050294,-0.15365
-0.048266,-0.15025
-0.04628,-0.14689
-0.044338,-0.1436
-0.042438,-0.14037
-0.040583,-0.13721
-0.038773,-0.13412
-0.037009,-0.13112
-0.035291,-0.12819
-0.03362,-0.12535
-0.031997,-0.1226
-0.030424,-0.11994
-0.0289,-0.11739
-0.027427,-0.11494
-0.026005,-0.1126
-0.024636,-0.11037
-0.02332,-0.10826
-0.022058,-0.10627
-0.020852,-0.10441
-0.019701,-0.10268
-0.018606,-0.10109
-0.017569,-0.09963
-0.01659,-0.098316
-0.015669,-0.097148
-0.014808,-0.09613
-0.014006,-0.095264
-0.013263,-0.094554
-0.012581,-0.094004
-0.011959,-0.093615
-0.011398,-0.093391
-0.010897,-0.093334
-0.010456,-0.093446
-0.010074,-0.093729
-0.0097522,-0.094185
-0.0094888,-0.094815
-0.0092833,-0.09562
-0.0091347,-0.096602
-0.009042,-0.097761
-0.0090039,-0.099098
-0.009019,-0.10061
-0.0090857,-0.1023
-0.0092024,-0.10417
-0.009367,-0.10622
-0.0095775,-0.10844
-0.0098316,-0.11083
-0.010127,-0.1134
-0.010461,-0.11614
-0.010831,-0.11904
-0.011235,-0.12211
-0.011668,-0.12534
-0.012128,-0.12874
-0.012613,-0.13229
-0.013118,-0.13599
-0.01364,-0.13983
-0.014175,-0.14383
-0.014721,-0.14796
-0.015273,-0.15222
-0.015827,-0.15662
-0.016381,-0.16113
-0.01693,-0.16577
-0.01747,-0.17052
-0.017997,-0.17537
-0.018509,-0.18032
-0.019001,-0.18536
-0.019469,-0.19049
-0.01991,-0.1957
-0.020321,-0.20098
-0.020698,-0.20633
-0.021038,-0.21173
-0.021337,-0.21718
-0.021592,-0.22267
-0.021801,-0.22819
-0.021961,-0.23374
-0.022069,-0.23931
-0.022123,-0.24489
-0.022119,-0.25047
-0.022057,-0.25605
-0.021935,-0.26161
-0.021749,-0.26715
-0.0215,-0.27266
-0.021185,-0.27814
-0.020803,-0.28357
-0.020354,-0.28895
-0.019836,-0.29426
-0.019249,-0.29952
-0.018592,-0.3047
-0.017865,-0.3098
-0.017068,-0.31481
-0.016201,-0.31973
-0.015264,-0.32455
-0.014258,-0.32927
-0.013182,-0.33388
-0.012037,-0.33837
-0.010824,-0.34274
-0.0095442,-0.34699
-0.0081973,-0.35111
-0.0067846,-0.3551
-0.0053069,-0.35896
-0.0037651,-0.36267
-0.0021601,-0.36625
-0.00049291,-0.36968
0.0012357,-0.37296
0.0030248,-0.3761
0.0048736,-0.37909
0.0067814,-0.38194
0.0087475,-0.38464
0.010771,-0.38718
0.012852,-0.38958
0.01499,-0.39184
0.017185,-0.39395
0.019436,-0.39592
0.021743,-0.39774
0.024107,-0.39943
0.026528,-0.40098
0.029007,-0.4024
0.031543,-0.4037
0.034139,-0.40486
0.036794,-0.40591
0.03951,-0.40684
0.042288,-0.40766
0.04513,-0.40838
0.048037,-0.40899
0.05101,-0.40951
0.054053,-0.40994
0.057166,-0.41028
0.060351,-0.41055
0.063612,-0.41075
0.066949,-0.41088
0.070366,-0.41095
0.073865,-0.41097
0.077448,-0.41094
0.081118,-0.41088
0.084877,-0.41077
0.088727,-0.41064
0.092671,-0.41049
0.096712,-0.41033
0.10085,-0.41015
0.10509,-0.40998
0.10943,-0.4098
0.11388,-0.40963
0.11843,-0.40948
0.12309,-0.40934
0.12786,-0.40922
0.13274,-0.40913
0.13773,-0.40908
0.14284,-0.40906
0.14805,-0.40908
0.15338,-0.40914
0.15882,-0.40924
0.16437,-0.4094
0.17003,-0.4096
