0.005561,0.0072122
0.0020115,0.010359
-0.0014454,0.014434
-0.0048195,0.019368
-0.0081215,0.025087
-0.011364,0.031518
-0.014558,0.038582
-0.017719,0.046201
-0.020861,0.054297
-0.023998,0.062791
-0.027145,0.071607
-0.030318,0.080668
-0.033531,0.089902
-0.036799,0.099238
-0.040137,0.10861
-0.043558,0.11795
-0.047077,0.12721
-0.050706,0.13633
-0.054457,0.14526
-0.058339,0.15396
-0.062364,0.16239
-0.066538,0.17052
-0.070869,0.17832
-0.075363,0.18577
-0.080024,0.19285
-0.084854,0.19955
-0.089855,0.20586
-0.095027,0.21179
-0.10037,0.21734
-0.10587,0.2225
-0.11154,0.2273
-0.11737,0.23174
-0.12335,0.23584
-0.12946,0.23961
-0.13572,0.24308
-0.14209,0.24626
-0.14858,0.24917
-0.15518,0.25184
-0.16187,0.25428
-0.16863,0.25652
-0.17547,0.25857
-0.18237,0.26045
-0.18932,0.26217
-0.1963,0.26375
-0.20331,0.26521
-0.21034,0.26654
-0.21738,0.26776
-0.22441,0.26886
-0.23143,0.26987
-0.23844,0.27077
-0.24543,0.27156
-0.25239,0.27223
-0.25932,0.27279
-0.26621,0.27323
-0.27307,0.27353
-0.27989,0.27368
-0.28667,0.27368
-0.29341,0.27351
-0.30012,0.27315
-0.30678,0.2726
-0.31341,0.27185
-0.32001,0.27087
-0.32658,0.26966
-0.33311,0.26821
-0.33962,0.26651
-0.34611,0.26454
-0.35257,0.2623
-0.35901,0.25979
-0.36543,0.25699
-0.37183,0.25392
-0.37822,0.25055
-0.38458,0.24691
-0.39092,0.24298
-0.39723,0.23878
-0.40352,0.2343
-0.40977,0.22955
-0.41599,0.22455
-0.42217,0.21931
-0.4283,0.21383
-0.43437,0.20812
-0.44038,0.20221
-0.44631,0.1961
-0.45217,0.18981
-0.45793,0.18335
-0.4636,0.17674
-0.46916,0.17
-0.47459,0.16314
-0.4799,0.15617
-0.48508,0.14912
-0.4901,0.142
-0.49498,0.13483
-0.49969,0.12761
-0.50423,0.12037
-0.5086,0.11311
-0.5128,0.10586
-0.51681,0.098614
-0.52063,0.091397
-0.52427,0.084216
-0.52772,0.077081
-0.53098,0.070002
-0.53406,0.062987
-0.53696,0.056043
-0.53968,0.049176
-0.54223,0.042392
-0.54461,0.035695
-0.54682,0.029088
-0.54889,0.022573
-0.55081,0.01615
-0.55259,0.0098195
-0.55425,0.0035787
-0.55578,-0.0025754
-0.5572,-0.0086472
-0.55852,-0.014643
-0.55975,-0.020569
-0.56088,-0.026434
-0.56194,-0.032248
-0.56292,-0.038022
-0.56383,-0.043768
-0.56468,-0.049498
-0.56547,-0.055226
-0.5662,-0.060968
-0.56688,-0.066738
-0.5675,-0.072552
-0.56806,-0.078426
-0.56857,-0.084375
-0.56901,-0.090416
-0.56939,-0.096564
-0.5697,-0.10283
-0.56994,-0.10924
-0.57009,-0.11579
-0.57016,-0.1225
-0.57012,-0.12938
-0.56998,-0.13643
-0.56973,-0.14366
-0.56936,-0.15108
-0.56885,-0.15869
-0.56821,-0.16647
-0.56742,-0.17444
-0.56648,-0.18258
-0.56538,-0.19088
-0.5641,-0.19933
-0.56266,-0.20791
-0.56104,-0.21662
-0.55923,-0.22542
-0.55724,-0.2343
-0.55507,-0.24323
-0.5527,-0.25219
-0.55016,-0.26115
-0.54742,-0.27009
-0.5445,-0.27897
-0.5414,-0.28777
-0.53813,-0.29646
-0.53468,-0.30501
-0.53107,-0.3134
-0.5273,-0.3216
-0.52338,-0.32958
-0.51931,-0.33733
-0.5151,-0.34483
-0.51076,-0.35206
-0.5063,-0.359
-0.50172,-0.36564
-0.49704,-0.37198
-0.49225,-0.37801
-0.48737,-0.38372
-0.4824,-0.38911
-0.47735,-0.3942
-0.47222,-0.39898
-0.46702,-0.40346
-0.46175,-0.40766
-0.45641,-0.41157
-0.45101,-0.41523
-0.44555,-0.41864
-0.44002,-0.42182
-0.43444,-0.42478
-0.4288,-0.42755
-0.42309,-0.43013
-0.41733,-0.43254
-0.4115,-0.4348
-0.4056,-0.43691
-0.39965,-0.4389
-0.39362,-0.44076
-0.38752,-0.4425
-0.38136,-0.44413
-0.37512,-0.44565
-0.36881,-0.44706
-0.36243,-0.44835
-0.35597,-0.44952
-0.34944,-0.45057
-0.34283,-0.45147
-0.33616,-0.45223
-0.32941,-0.45282
-0.3226,-0.45323
-0.31573,-0.45345
-0.30879,-0.45346
-0.3018,-0.45324
-0.29476,-0.45278
-0.28768,-0.45207
-0.28056,-0.45108
-0.2734,-0.44981
-0.26622,-0.44825
-0.25902,-0.44638
-0.2518,-0.4442
-0.24458,-0.44171
-0.23737,-0.4389
-0.23016,-0.43578
-0.22297,-0.43235
-0.21581,-0.42861
-0.20867,-0.42458
-0.20157,-0.42027
-0.19452,-0.41569
-0.18752,-0.41085
-0.18057,-0.40578
-0.17368,-0.40049
-0.16686,-0.395
-0.16011,-0.38933
-0.15344,-0.3835
-0.14685,-0.37754
-0.14033,-0.37145
-0.13391,-0.36525
-0.12758,-0.35897
-0.12134,-0.35261
-0.11519,-0.34618
-0.10915,-0.3397
-0.1032,-0.33316
-0.097362,-0.32657
-0.09163,-0.31993
-0.086009,-0.31324
-0.080501,-0.30649
-0.07511,-0.29968
-0.069839,-0.29278
-0.064691,-0.2858
-0.059671,-0.2787
-0.054782,-0.27149
-0.050029,-0.26414
-0.045415,-0.25664
-0.040945,-0.24897
-0.036624,-0.24111
-0.032457,-0.23306
-0.028447,-0.2248
-0.0246,-0.21632
-0.02092,-0.20763
-0.017412,-0.19871
-0.01408,-0.18958
-0.010929,-0.18024
-0.0079607,-0.1707
-0.00518,-0.16099
-0.0025896,-0.15113
-0.00019177,-0.14114
0.0020114,-0.13106
0.0040186,-0.12094
0.005829,-0.1108
0.0074426,-0.10072
0.00886,-0.090724
0.010083,-0.080884
0.011112,-0.071256
0.011952,-0.061901
0.012605,-0.052882
0.013075,-0.044262
0.013368,-0.036104
0.013489,-0.02847
0.013444,-0.021421
0.01324,-0.015014
0.012884,-0.0093023
0.012384,-0.0043362
0.011749,-0.00016002
0.010986,0.0031875
0.010105,0.0056739
0.0091156,0.0072734
0.0080266,0.0079675
0.0068479,0.0077451
0.0055892,0.0066029
0.0042604,0.0045453
0.0028711,0.0015844
0.0014313,-0.0022602
-4.9462e-05,-0.0069614
-0.0015616,-0.012485
-0.0030956,-0.018791
-0.0046424,-0.025833
-0.006193,-0.033559
-0.0077384,-0.041913
-0.0092703,-0.050835
-0.01078,-0.06026
-0.01226,-0.070125
-0.013703,-0.080363
-0.0151,-0.090905
-0.016445,-0.10169
-0.017731,-0.11264
-0.018951,-0.1237
-0.020098,-0.13481
-0.021167,-0.14591
-0.022151,-0.15694
-0.023045,-0.16786
-0.023843,-0.17863
-0.02454,-0.1892
-0.025131,-0.19953
-0.025611,-0.20961
-0.025976,-0.21941
-0.026221,-0.2289
-0.026342,-0.23809
-0.026335,-0.24696
-0.026197,-0.25552
-0.025924,-0.26376
-0.025514,-0.27168
-0.024963,-0.27931
-0.024269,-0.28665
-0.02343,-0.29373
-0.022444,-0.30054
-0.02131,-0.30712
-0.020026,-0.31348
-0.018592,-0.31964
-0.017006,-0.32561
-0.015269,-0.33141
-0.013382,-0.33706
-0.011343,-0.34257
-0.0091553,-0.34794
-0.0068187,-0.35319
-0.004335,-0.35831
-0.0017057,-0.3633
0.0010671,-0.36817
0.0039814,-0.37291
0.0070347,-0.37751
0.010225,-0.38196
0.013549,-0.38625
0.017004,-0.39035
0.020588,-0.39426
0.024297,-0.39796
0.028129,-0.40143
0.032082,-0.40464
0.036151,-0.4076
0.040336,-0.41027
0.044632,-0.41265
0.049039,-0.41472
0.053553,-0.41648
0.058172,-0.41792
0.062895,-0.41904
0.067719,-0.41985
0.072644,-0.42036
0.077666,-0.42058
0.082786,-0.42053
0.088001,-0.42024
0.09331,-0.41974
0.098712,-0.41907
0.10421,-0.41827
0.10979,-0.41739
0.11546,-0.41649
0.12122,-0.41561
0.12706,-0.41483
0.13299,-0.4142
0.13899,-0.41381
0.14508,-0.41371
0.15123,-0.41398
0.15746,-0.41469
0.16375,-0.41593
0.1701,-0.41775
0.1765,-0.42023
