-0.011916,0.0025087
-0.010484,0.003859
-0.0091904,0.0052969
-0.0080334,0.0068214
-0.0070104,0.0084313
-0.006119,0.010125
-0.0053567,0.011902
-0.004721,0.013761
-0.0042091,0.0157
-0.0038185,0.017719
-0.0035464,0.019814
-0.0033901,0.021986
-0.0033467,0.024232
-0.0034135,0.026551
-0.0035875,0.028942
-0.0038659,0.031401
-0.0042457,0.033929
-0.004724,0.036523
-0.0052979,0.039182
-0.0059643,0.041902
-0.0067202,0.044684
-0.0075627,0.047524
-0.0084887,0.050421
-0.0094952,0.053373
-0.010579,0.056377
-0.011738,0.059433
-0.012968,0.062537
-0.014266,0.065688
-0.01563,0.068883
-0.017056,0.072121
-0.018542,0.075399
-0.020084,0.078715
-0.02168,0.082068
-0.023327,0.085454
-0.025022,0.088871
-0.026762,0.092318
-0.028544,0.095793
-0.030366,0.099292
-0.032224,0.10281
-0.034117,0.10636
-0.036041,0.10992
-0.037994,0.11349
-0.039973,0.11709
-0.041977,0.12069
-0.044002,0.1243
-0.046045,0.12792
-0.048106,0.13154
-0.050181,0.13517
-0.052268,0.1388
-0.054366,0.14243
-0.056471,0.14605
-0.058583,0.14967
-0.060698,0.15328
-0.062816,0.15688
-0.064934,0.16047
-0.067051,0.16405
-0.069165,0.16761
-0.071274,0.17115
-0.073376,0.17467
-0.075471,0.17818
-0.077557,0.18165
-0.079633,0.18511
-0.081697,0.18854
-0.083748,0.19194
-0.085785,0.19531
-0.087807,0.19865
-0.089813,0.20195
-0.091802,0.20522
-0.093774,0.20846
-0.095727,0.21166
-0.097662,0.21482
-0.099576,0.21793
-0.10147,0.22101
-0.10334,0.22405
-0.1052,0.22704
-0.10703,0.22998
-0.10884,0.23288
-0.11063,0.23574
-0.11239,0.23854
-0.11414,0.2413
-0.11586,0.244
-0.11756,0.24666
-0.11924,0.24927
-0.12089,0.25182
-0.12253,0.25432
-0.12414,0.25677
-0.12573,0.25916
-0.1273,0.2615
-0.12886,0.26379
-0.13039,0.26602
-0.1319,0.2682
-0.1334,0.27032
-0.13487,0.27239
-0.13633,0.2744
-0.13778,0.27636
-0.1392,0.27826
-0.14062,0.2801
-0.14201,0.28189
-0.1434,0.28363
-0.14477,0.28531
-0.14613,0.28693
-0.14747,0.28851
-0.14881,0.29002
-0.15014,0.29149
-0.15146,0.2929
-0.15277,0.29426
-0.15408,0.29557
-0.15538,0.29683
-0.15667,0.29803
-0.15796,0.29919
-0.15925,0.3003
-0.16054,0.30135
-0.16182,0.30237
-0.16311,0.30333
-0.16439,0.30425
-0.16568,0.30512
-0.16697,0.30595
-0.16827,0.30674
-0.16957,0.30749
-0.17087,0.30819
-0.17218,0.30885
-0.1735,0.30948
-0.17482,0.31007
-0.17616,0.31062
-0.1775,0.31113
-0.17885,0.31161
-0.18022,0.31206
-0.18159,0.31248
-0.18298,0.31286
-0.18438,0.31321
-0.18579,0.31354
-0.18722,0.31384
-0.18866,0.31411
-0.19012,0.31436
-0.19159,0.31458
-0.19308,0.31478
-0.19458,0.31496
-0.1961,0.31511
-0.19764,0.31525
-0.19919,0.31537
-0.20076,0.31547
-0.20234,0.31556
-0.20395,0.31563
-0.20557,0.31569
-0.20721,0.31573
-0.20887,0.31577
-0.21054,0.31579
-0.21223,0.3158
-0.21394,0.31581
-0.21567,0.3158
-0.21741,0.31579
-0.21917,0.31577
-0.22095,0.31575
-0.22274,0.31572
-0.22455,0.31569
-0.22637,0.31566
-0.22821,0.31562
-0.23006,0.31559
-0.23193,0.31555
-0.23381,0.31551
-0.23571,0.31547
-0.23762,0.31543
-0.23954,0.3154
-0.24147,0.31536
-0.24341,0.31533
-0.24536,0.3153
-0.24733,0.31527
-0.2493,0.31524
-0.25128,0.31522
-0.25327,0.3152
-0.25526,0.31519
-0.25726,0.31518
-0.25927,0.31517
-0.26128,0.31516
-0.26329,0.31516
-0.26531,0.31516
-0.26733,0.31517
-0.26935,0.31518
-0.27137,0.31519
-0.27339,0.3152
-0.27541,0.31522
-0.27742,0.31524
-0.27944,0.31526
-0.28145,0.31528
-0.28345,0.3153
-0.28545,0.31532
-0.28745,0.31534
-0.28943,0.31536
-0.29141,0.31538
-0.29338,0.3154
-0.29534,0.31541
-0.2973,0.31543
-0.29924,0.31543
-0.30116,0.31543
-0.30308,0.31543
-0.30499,0.31542
-0.30688,0.3154
-0.30875,0.31537
-0.31061,0.31534
-0.31246,0.31529
-0.31429,0.31523
-0.3161,0.31517
-0.3179,0.31508
-0.31968,0.31499
-0.32144,0.31488
-0.32318,0.31475
-0.3249,0.31461
-0.3266,0.31444
-0.32829,0.31426
-0.32995,0.31406
-0.33159,0.31384
-0.33321,0.3136
-0.33481,0.31333
-0.33639,0.31304
-0.33795,0.31273
-0.33949,0.31238
-0.341,0.31201
-0.3425,0.31162
-0.34397,0.31119
-0.34542,0.31074
-0.34685,0.31025
-0.34825,0.30973
-0.34963,0.30918
-0.351,0.30859
-0.35234,0.30797
-0.35366,0.30732
-0.35495,0.30663
-0.35623,0.3059
-0.35748,0.30513
-0.35872,0.30433
-0.35993,0.30349
-0.36112,0.3026
-0.3623,0.30168
-0.36345,0.30071
-0.36458,0.29971
-0.3657,0.29866
-0.36679,0.29757
-0.36787,0.29643
-0.36893,0.29526
-0.36997,0.29404
-0.371,0.29277
-0.37201,0.29146
-0.373,0.29011
-0.37398,0.28871
-0.37494,0.28726
-0.37589,0.28577
-0.37682,0.28424
-0.37774,0.28266
-0.37865,0.28104
-0.37954,0.27937
-0.38042,0.27765
-0.38129,0.27589
-0.38215,0.27409
-0.383,0.27224
-0.38384,0.27035
-0.38467,0.26842
-0.38549,0.26644
-0.3863,0.26442
-0.3871,0.26235
-0.3879,0.26025
-0.38869,0.25811
-0.38947,0.25592
-0.39025,0.25369
-0.39102,0.25143
-0.39179,0.24913
-0.39255,0.24679
-0.39331,0.24441
-0.39406,0.242
-0.39481,0.23955
-0.39556,0.23707
-0.39631,0.23456
-0.39705,0.23201
-0.39779,0.22944
-0.39853,0.22683
-0.39927,0.2242
-0.40001,0.22154
-0.40075,0.21885
-0.40148,0.21614
-0.40222,0.2134
-0.40296,0.21064
-0.4037,0.20786
-0.40443,0.20506
-0.40517,0.20224
-0.40591,0.19941
-0.40665,0.19655
-0.40739,0.19369
-0.40813,0.19081
-0.40887,0.18791
-0.40962,0.18501
-0.41036,0.1821
-0.41111,0.17918
-0.41185,0.17625
-0.4126,0.17332
-0.41335,0.17038
-0.4141,0.16744
-0.41485,0.1645
-0.4156,0.16156
-0.41635,0.15862
-0.4171,0.15569
-0.41786,0.15275
-0.41861,0.14983
-0.41936,0.14691
-0.42011,0.144
-0.42087,0.14109
-0.42162,0.1382
-0.42237,0.13532
-0.42311,0.13245
-0.42386,0.1296
-0.42461,0.12676
-0.42535,0.12393
-0.42609,0.12113
-0.42683,0.11834
-0.42756,0.11557
-0.42829,0.11282
-0.42902,0.11009
-0.42975,0.10738
-0.43047,0.10469
-0.43118,0.10203
-0.43189,0.099393
-0.4326,0.09678
-0.4333,0.094191
-0.43399,0.091628
-0.43468,0.089092
-0.43536,0.086582
-0.43604,0.0841
-0.4367,0.081646
-0.43736,0.07922
-0.43802,0.076822
-0.43866,0.074453
-0.4393,0.072113
-0.43992,0.069802
-0.44054,0.06752
-0.44115,0.065268
-0.44175,0.063045
-0.44234,0.060852
-0.44292,0.058688
-0.44349,0.056553
-0.44405,0.054447
-0.4446,0.052371
-0.44514,0.050322
-0.44566,0.048303
-0.44618,0.046311
-0.44669,0.044347
-0.44718,0.04241
-0.44766,0.0405
-0.44813,0.038616
-0.44859,0.036758
-0.44904,0.034926
-0.44947,0.033117
-0.44989,0.031333
-0.4503,0.029572
-0.4507,0.027834
-0.45109,0.026117
-0.45146,0.024421
-0.45182,0.022746
-0.45217,0.02109
-0.45251,0.019452
-0.45283,0.017832
-0.45314,0.016229
-0.45345,0.014641
-0.45373,0.013068
-0.45401,0.011509
-0.45427,0.0099633
-0.45453,0.008429
-0.45477,0.0069056
-0.455,0.0053919
-0.45521,0.003887
-0.45542,0.0023898
-0.45562,0.00089929
-0.4558,-0.00058561
-0.45597,-0.0020659
-0.45614,-0.0035428
-0.45629,-0.0050171
-0.45643,-0.0064901
-0.45656,-0.0079627
-0.45668,-0.009436
-0.45679,-0.010911
-0.45689,-0.012389
-0.45698,-0.01387
-0.45707,-0.015356
-0.45714,-0.016848
-0.4572,-0.018346
-0.45726,-0.019852
-0.4573,-0.021367
-0.45734,-0.022891
-0.45737,-0.024425
-0.45739,-0.02597
-0.4574,-0.027528
-0.45741,-0.029097
-0.45741,-0.030681
-0.4574,-0.032278
-0.45738,-0.033891
-0.45735,-0.035519
-0.45732,-0.037163
-0.45728,-0.038824
-0.45724,-0.040502
-0.45718,-0.042199
-0.45712,-0.043913
-0.45706,-0.045646
-0.45698,-0.047399
-0.4569,-0.049171
-0.45682,-0.050963
-0.45673,-0.052775
-0.45663,-0.054607
-0.45652,-0.05646
-0.45641,-0.058334
-0.45629,-0.060229
-0.45617,-0.062144
-0.45604,-0.064081
-0.4559,-0.066038
-0.45576,-0.068016
-0.45561,-0.070015
-0.45545,-0.072035
-0.45529,-0.074075
-0.45512,-0.076135
-0.45495,-0.078215
-0.45476,-0.080315
-0.45457,-0.082434
-0.45438,-0.084571
-0.45417,-0.086727
-0.45396,-0.088901
-0.45374,-0.091093
-0.45352,-0.093301
-0.45329,-0.095526
-0.45304,-0.097766
-0.4528,-0.10002
-0.45254,-0.10229
-0.45227,-0.10457
-0.452,-0.10687
-0.45171,-0.10918
-0.45142,-0.1115
-0.45112,-0.11383
-0.45081,-0.11616
-0.45049,-0.11851
-0.45016,-0.12087
-0.44982,-0.12323
-0.44947,-0.1256
-0.44911,-0.12797
-0.44874,-0.13035
-0.44836,-0.13273
-0.44797,-0.13511
-0.44756,-0.13749
-0.44715,-0.13988
-0.44672,-0.14226
-0.44628,-0.14464
-0.44583,-0.14701
-0.44537,-0.14938
-0.44489,-0.15175
-0.44441,-0.15411
-0.44391,-0.15646
-0.44339,-0.15881
-0.44287,-0.16114
-0.44233,-0.16347
-0.44178,-0.16578
-0.44121,-0.16808
-0.44063,-0.17036
-0.44004,-0.17264
-0.43943,-0.17489
-0.43881,-0.17713
-0.43817,-0.17935
-0.43753,-0.18156
-0.43686,-0.18374
-0.43619,-0.18591
-0.4355,-0.18805
-0.43479,-0.19017
-0.43407,-0.19227
-0.43334,-0.19435
-0.43259,-0.1964
-0.43183,-0.19842
-0.43105,-0.20043
-0.43027,-0.2024
-0.42946,-0.20435
-0.42865,-0.20627
-0.42781,-0.20816
-0.42697,-0.21003
-0.42611,-0.21187
-0.42524,-0.21367
-0.42436,-0.21545
-0.42346,-0.2172
-0.42255,-0.21891
-0.42163,-0.2206
-0.42069,-0.22226
-0.41975,-0.22388
-0.41879,-0.22547
-0.41782,-0.22703
-0.41683,-0.22856
-0.41584,-0.23006
-0.41483,-0.23153
-0.41382,-0.23296
-0.41279,-0.23437
-0.41175,-0.23574
-0.41071,-0.23708
-0.40965,-0.23839
-0.40858,-0.23967
-0.40751,-0.24092
-0.40642,-0.24214
-0.40533,-0.24332
-0.40423,-0.24448
-0.40312,-0.24561
-0.402,-0.24671
-0.40088,-0.24778
-0.39975,-0.24882
-0.39861,-0.24984
-0.39747,-0.25083
-0.39632,-0.25179
-0.39516,-0.25273
-0.394,-0.25364
-0.39283,-0.25452
-0.39166,-0.25538
-0.39048,-0.25622
-0.3893,-0.25704
-0.38812,-0.25783
-0.38693,-0.2586
-0.38573,-0.25936
-0.38454,-0.26009
-0.38334,-0.2608
-0.38214,-0.26149
-0.38093,-0.26217
-0.37972,-0.26283
-0.37851,-0.26348
-0.3773,-0.2641
-0.37609,-0.26472
-0.37487,-0.26532
-0.37365,-0.26591
-0.37243,-0.26648
-0.37121,-0.26705
-0.36999,-0.2676
-0.36876,-0.26814
-0.36754,-0.26868
-0.36631,-0.26921
-0.36509,-0.26973
-0.36386,-0.27024
-0.36263,-0.27074
-0.3614,-0.27125
-0.36017,-0.27174
-0.35893,-0.27223
-0.3577,-0.27272
-0.35647,-0.27321
-0.35523,-0.27369
-0.35399,-0.27417
-0.35275,-0.27466
-0.35151,-0.27514
-0.35027,-0.27562
-0.34902,-0.2761
-0.34778,-0.27658
-0.34653,-0.27706
-0.34528,-0.27755
-0.34402,-0.27803
-0.34276,-0.27852
-0.3415,-0.27902
-0.34024,-0.27951
-0.33897,-0.28001
-0.3377,-0.28051
-0.33643,-0.28102
-0.33515,-0.28152
-0.33387,-0.28204
-0.33258,-0.28255
-0.33129,-0.28307
-0.32999,-0.2836
-0.32868,-0.28413
-0.32737,-0.28466
-0.32606,-0.2852
-0.32473,-0.28574
-0.3234,-0.28628
-0.32206,-0.28683
-0.32072,-0.28738
-0.31937,-0.28793
-0.31801,-0.28848
-0.31664,-0.28904
-0.31526,-0.2896
-0.31387,-0.29016
-0.31248,-0.29073
-0.31107,-0.29129
-0.30966,-0.29185
-0.30823,-0.29241
-0.3068,-0.29298
-0.30535,-0.29354
-0.3039,-0.2941
-0.30243,-0.29466
-0.30095,-0.29521
-0.29946,-0.29576
-0.29796,-0.29631
-0.29644,-0.29685
-0.29492,-0.29739
-0.29338,-0.29792
-0.29183,-0.29844
-0.29027,-0.29896
-0.28869,-0.29947
-0.28711,-0.29997
-0.28551,-0.30046
-0.28389,-0.30094
-0.28227,-0.30141
-0.28063,-0.30187
-0.27898,-0.30231
-0.27731,-0.30275
-0.27564,-0.30317
-0.27395,-0.30357
-0.27225,-0.30396
-0.27053,-0.30433
-0.2688,-0.30469
-0.26706,-0.30503
-0.26531,-0.30535
-0.26355,-0.30565
-0.26177,-0.30594
-0.25999,-0.3062
-0.25819,-0.30644
-0.25638,-0.30667
-0.25456,-0.30687
-0.25273,-0.30704
-0.25088,-0.3072
-0.24903,-0.30733
-0.24717,-0.30744
-0.2453,-0.30752
-0.24342,-0.30758
-0.24153,-0.30761
-0.23963,-0.30762
-0.23773,-0.3076
-0.23581,-0.30755
-0.23389,-0.30748
-0.23196,-0.30738
-0.23003,-0.30725
-0.22809,-0.3071
-0.22615,-0.30691
-0.2242,-0.3067
-0.22224,-0.30646
-0.22028,-0.30619
-0.21832,-0.3059
-0.21636,-0.30557
-0.21439,-0.30522
-0.21242,-0.30484
-0.21045,-0.30443
-0.20848,-0.30399
-0.20651,-0.30352
-0.20453,-0.30302
-0.20256,-0.3025
-0.20059,-0.30195
-0.19862,-0.30137
-0.19665,-0.30076
-0.19469,-0.30012
-0.19273,-0.29946
-0.19077,-0.29877
-0.18882,-0.29806
-0.18687,-0.29732
-0.18492,-0.29655
-0.18298,-0.29576
-0.18105,-0.29495
-0.17912,-0.29411
-0.1772,-0.29324
-0.17529,-0.29236
-0.17339,-0.29145
-0.17149,-0.29052
-0.1696,-0.28956
-0.16772,-0.28859
-0.16585,-0.2876
-0.16399,-0.28659
-0.16214,-0.28555
-0.1603,-0.28451
-0.15846,-0.28344
-0.15664,-0.28235
-0.15484,-0.28125
-0.15304,-0.28014
-0.15125,-0.27901
-0.14948,-0.27786
-0.14771,-0.27671
-0.14596,-0.27554
-0.14422,-0.27435
-0.1425,-0.27316
-0.14078,-0.27196
-0.13908,-0.27074
-0.13739,-0.26952
-0.13571,-0.26829
-0.13405,-0.26705
-0.1324,-0.26581
-0.13076,-0.26456
-0.12914,-0.2633
-0.12752,-0.26204
-0.12592,-0.26078
-0.12434,-0.25951
-0.12276,-0.25823
-0.1212,-0.25696
-0.11965,-0.25568
-0.11811,-0.25441
-0.11658,-0.25313
-0.11507,-0.25185
-0.11357,-0.25057
-0.11208,-0.2493
-0.1106,-0.24802
-0.10913,-0.24675
-0.10767,-0.24548
-0.10623,-0.24421
-0.10479,-0.24295
-0.10337,-0.24168
-0.10195,-0.24043
-0.10054,-0.23917
-0.099149,-0.23792
-0.097762,-0.23668
-0.096384,-0.23544
-0.095015,-0.2342
-0.093655,-0.23297
-0.092303,-0.23175
-0.090958,-0.23053
-0.089621,-0.22932
-0.088292,-0.22811
-0.08697,-0.2269
-0.085654,-0.22571
-0.084345,-0.22451
-0.083043,-0.22333
-0.081746,-0.22215
-0.080455,-0.22097
-0.079169,-0.2198
-0.077889,-0.21863
-0.076614,-0.21747
-0.075343,-0.21632
-0.074078,-0.21516
-0.072816,-0.21401
-0.071559,-0.21287
-0.070305,-0.21173
-0.069056,-0.21059
-0.067809,-0.20946
-0.066567,-0.20832
-0.065328,-0.20719
-0.064092,-0.20606
-0.062859,-0.20494
-0.061629,-0.20381
-0.060402,-0.20268
-0.059177,-0.20156
-0.057956,-0.20043
-0.056737,-0.1993
-0.055521,-0.19817
-0.054308,-0.19704
-0.053098,-0.19591
-0.05189,-0.19477
-0.050686,-0.19364
-0.049484,-0.19249
-0.048285,-0.19135
-0.04709,-0.1902
-0.045897,-0.18904
-0.044708,-0.18788
-0.043522,-0.18671
-0.042341,-0.18553
-0.041163,-0.18435
-0.039989,-0.18316
-0.038819,-0.18197
-0.037654,-0.18076
-0.036494,-0.17955
-0.035339,-0.17832
-0.034189,-0.17709
-0.033044,-0.17585
-0.031906,-0.17459
-0.030774,-0.17333
-0.029648,-0.17206
-0.02853,-0.17077
-0.027418,-0.16947
-0.026315,-0.16817
-0.025219,-0.16685
-0.024132,-0.16551
-0.023053,-0.16417
-0.021984,-0.16281
-0.020924,-0.16144
-0.019874,-0.16006
-0.018835,-0.15867
-0.017806,-0.15726
-0.016789,-0.15584
-0.015783,-0.15441
-0.01479,-0.15296
-0.013809,-0.15151
-0.012841,-0.15004
-0.011886,-0.14856
-0.010946,-0.14706
-0.010019,-0.14556
-0.0091072,-0.14404
-0.0082105,-0.14252
-0.0073293,-0.14098
-0.0064641,-0.13943
-0.0056151,-0.13787
-0.0047828,-0.1363
-0.0039677,-0.13473
-0.00317,-0.13314
-0.0023901,-0.13154
-0.0016284,-0.12994
-0.00088525,-0.12833
-0.00016094,-0.12672
0.0005442,-0.1251
0.0012299,-0.12347
0.0018958,-0.12184
0.0025416,-0.1202
0.0031672,-0.11857
0.0037722,-0.11693
0.0043565,-0.11529
0.0049198,-0.11364
0.005462,-0.112
0.0059828,-0.11036
0.0064822,-0.10872
0.00696,-0.10708
0.007416,-0.10545
0.0078503,-0.10382
0.0082626,-0.1022
0.0086531,-0.10059
0.0090215,-0.098978
0.009368,-0.097378
0.0096926,-0.095788
0.0099952,-0.094208
0.010276,-0.09264
0.010535,-0.091084
0.010772,-0.089542
0.010988,-0.088015
0.011182,-0.086503
0.011355,-0.085008
0.011507,-0.08353
0.011638,-0.082071
0.011748,-0.080632
0.011838,-0.079213
0.011908,-0.077816
0.011957,-0.076442
0.011988,-0.075091
0.011999,-0.073765
0.011991,-0.072465
0.011964,-0.071191
0.011919,-0.069945
0.011857,-0.068727
0.011777,-0.067539
0.01168,-0.06638
0.011567,-0.065253
0.011438,-0.064157
0.011293,-0.063095
0.011133,-0.062065
0.010958,-0.06107
0.010769,-0.06011
0.010567,-0.059186
0.010351,-0.058298
0.010123,-0.057447
0.0098834,-0.056633
0.0096321,-0.055858
0.0093699,-0.055122
0.0090975,-0.054425
0.0088153,-0.053767
0.008524,-0.05315
0.0082242,-0.052574
0.0079165,-0.052039
0.0076013,-0.051545
0.0072794,-0.051093
0.0069514,-0.050683
0.0066177,-0.050315
0.0062791,-0.04999
0.0059361,-0.049707
0.0055892,-0.049467
0.0052392,-0.04927
0.0048865,-0.049116
0.0045317,-0.049005
0.0041755,-0.048937
0.0038183,-0.048911
0.0034608,-0.048929
0.0031034,-0.048989
0.0027468,-0.049092
0.0023915,-0.049237
0.0020379,-0.049424
0.0016867,-0.049653
0.0013382,-0.049924
0.00099311,-0.050236
0.00065178,-0.050588
0.00031471,-0.050981
-1.7641e-05,-0.051414
-0.00034482,-0.051887
-0.00066641,-0.052398
-0.00098198,-0.052949
-0.0012911,-0.053537
-0.0015935,-0.054162
-0.0018886,-0.054825
-0.0021762,-0.055523
-0.002456,-0.056257
-0.0027275,-0.057026
-0.0029904,-0.057829
-0.0032446,-0.058666
-0.0034896,-0.059535
-0.0037252,-0.060437
-0.0039512,-0.061369
-0.0041674,-0.062332
-0.0043734,-0.063325
-0.0045692,-0.064346
-0.0047545,-0.065396
-0.0049291,-0.066472
-0.005093,-0.067575
-0.0052459,-0.068704
-0.0053877,-0.069857
-0.0055183,-0.071034
-0.0056377,-0.072233
-0.0057457,-0.073455
-0.0058423,-0.074698
-0.0059273,-0.075961
-0.0060009,-0.077244
-0.0060629,-0.078545
-0.0061134,-0.079864
-0.0061523,-0.081199
-0.0061796,-0.082551
-0.0061954,-0.083918
-0.0061997,-0.085299
-0.0061926,-0.086694
-0.006174,-0.088101
-0.0061441,-0.08952
-0.0061029,-0.09095
-0.0060506,-0.092391
-0.0059871,-0.093841
-0.0059126,-0.0953
-0.0058273,-0.096767
-0.0057311,-0.098241
-0.0056243,-0.099722
-0.0055069,-0.10121
-0.005379,-0.1027
-0.0052409,-0.1042
-0.0050926,-0.1057
-0.0049344,-0.1072
-0.0047662,-0.10871
-0.0045883,-0.11022
-0.0044008,-0.11173
-0.0042038,-0.11325
-0.0039976,-0.11476
-0.0037822,-0.11627
-0.0035579,-0.11779
-0.0033246,-0.1193
-0.0030827,-0.12082
-0.0028323,-0.12233
-0.0025734,-0.12384
-0.0023063,-0.12535
-0.002031,-0.12685
-0.0017478,-0.12836
-0.0014568,-0.12986
-0.001158,-0.13136
-0.00085161,-0.13286
-0.00053778,-0.13435
-0.00021661,-0.13584
0.00011177,-0.13733
0.00044728,-0.13881
0.00078978,-0.14029
0.0011392,-0.14176
0.0014954,-0.14324
0.0018583,-0.1447
0.0022279,-0.14617
0.002604,-0.14763
0.0029865,-0.14909
0.0033755,-0.15054
0.0037707,-0.15199
0.0041723,-0.15344
0.00458,-0.15488
0.0049939,-0.15633
0.005414,-0.15776
0.00584,-0.1592
0.0062722,-0.16063
0.0067103,-0.16206
0.0071544,-0.16349
0.0076045,-0.16491
0.0080605,-0.16634
0.0085224,-0.16776
0.0089902,-0.16918
0.0094638,-0.17059
0.0099434,-0.17201
0.010429,-0.17343
0.01092,-0.17484
0.011417,-0.17625
0.011921,-0.17767
0.01243,-0.17908
0.012944,-0.18049
0.013465,-0.18191
0.013992,-0.18332
0.014524,-0.18473
0.015063,-0.18615
0.015607,-0.18756
0.016158,-0.18898
0.016714,-0.19039
0.017276,-0.19181
0.017844,-0.19323
0.018418,-0.19465
0.018998,-0.19607
0.019583,-0.19749
0.020175,-0.19891
0.020772,-0.20034
0.021375,-0.20177
0.021984,-0.20319
0.022599,-0.20462
0.023219,-0.20605
0.023845,-0.20749
0.024476,-0.20892
0.025113,-0.21035
0.025756,-0.21179
0.026404,-0.21323
0.027057,-0.21466
0.027715,-0.2161
0.028379,-0.21754
0.029047,-0.21897
0.029721,-0.22041
0.030399,-0.22185
0.031082,-0.22329
0.031769,-0.22472
0.032461,-0.22615
0.033157,-0.22759
0.033856,-0.22902
0.03456,-0.23044
0.035268,-0.23187
0.035979,-0.23329
0.036693,-0.23471
0.037411,-0.23612
0.038131,-0.23753
0.038854,-0.23893
0.03958,-0.24033
0.040307,-0.24172
0.041037,-0.24311
0.041769,-0.24448
0.042502,-0.24585
0.043237,-0.24721
0.043972,-0.24857
0.044709,-0.24991
0.045446,-0.25124
0.046183,-0.25256
0.04692,-0.25387
0.047657,-0.25517
0.048393,-0.25645
0.049128,-0.25772
0.049862,-0.25898
0.050595,-0.26022
0.051327,-0.26145
0.052056,-0.26266
0.052783,-0.26385
0.053508,-0.26503
0.05423,-0.26619
0.054949,-0.26733
0.055664,-0.26845
0.056376,-0.26955
0.057085,-0.27063
0.057789,-0.27169
0.05849,-0.27273
0.059185,-0.27375
0.059876,-0.27474
0.060563,-0.27572
0.061244,-0.27666
0.06192,-0.27759
0.062591,-0.27849
0.063256,-0.27936
0.063915,-0.28021
0.064569,-0.28104
0.065217,-0.28184
0.065859,-0.28261
0.066494,-0.28336
0.067124,-0.28408
0.067747,-0.28477
0.068365,-0.28543
0.068976,-0.28607
0.069581,-0.28668
0.07018,-0.28726
0.070773,-0.28782
0.07136,-0.28835
0.071941,-0.28885
0.072517,-0.28932
0.073087,-0.28977
0.073652,-0.29019
0.074211,-0.29058
0.074766,-0.29094
0.075317,-0.29128
0.075863,-0.29159
0.076405,-0.29188
0.076943,-0.29214
0.077478,-0.29238
0.078011,-0.29259
0.078541,-0.29278
0.079069,-0.29295
0.079596,-0.29309
0.080122,-0.29321
0.080647,-0.29331
0.081173,-0.29339
0.0817,-0.29345
0.082228,-0.29349
0.082758,-0.29352
0.083291,-0.29352
0.083828,-0.29352
0.08437,-0.29349
0.084916,-0.29346
0.085468,-0.29341
0.086027,-0.29335
0.086594,-0.29328
0.08717,-0.2932
0.087755,-0.29311
0.08835,-0.29302
0.088957,-0.29292
0.089576,-0.29282
0.090209,-0.29272
0.090856,-0.29261
0.091519,-0.29251
0.092198,-0.29241
0.092895,-0.29232
0.093611,-0.29223
0.094347,-0.29214
0.095104,-0.29207
0.095884,-0.29201
0.096687,-0.29196
0.097515,-0.29192
0.098369,-0.2919
0.09925,-0.2919
0.10016,-0.29192
0.1011,-0.29196
0.10207,-0.29202
0.10307,-0.2921
0.10411,-0.29222
0.10518,-0.29236
0.10629,-0.29253
0.10743,-0.29274
0.10862,-0.29297
0.10984,-0.29325
0.11111,-0.29356
0.11242,-0.29391
0.11377,-0.29431
0.11517,-0.29474
0.11661,-0.29523
0.1181,-0.29575
0.11964,-0.29633
0.12123,-0.29696
0.12288,-0.29764
0.12457,-0.29837
0.12632,-0.29916
0.12813,-0.30001
0.12999,-0.30092
0.13191,-0.30188
0.13389,-0.30291
0.13592,-0.304
0.13802,-0.30516
0.14018,-0.30639
0.1424,-0.30768
0.14469,-0.30904
0.14704,-0.31048
0.14946,-0.31198
0.15194,-0.31356
0.15449,-0.31522
