-0.0027213,0.011271
-0.003139,0.014822
-0.0038087,0.018868
-0.0047214,0.023378
-0.0058676,0.028322
-0.0072375,0.033669
-0.0088205,0.039386
-0.010606,0.045441
-0.012584,0.0518
-0.014742,0.05843
-0.017069,0.065297
-0.019556,0.072369
-0.02219,0.079612
-0.02496,0.086995
-0.027856,0.094484
-0.030868,0.10205
-0.033985,0.10966
-0.037198,0.1173
-0.040498,0.12492
-0.043875,0.1325
-0.047321,0.14003
-0.050829,0.14748
-0.054391,0.15482
-0.058002,0.16203
-0.061654,0.16911
-0.065343,0.17602
-0.069063,0.18277
-0.072812,0.18932
-0.076586,0.19568
-0.080381,0.20184
-0.084196,0.20778
-0.08803,0.2135
-0.09188,0.219
-0.095748,0.22428
-0.099632,0.22933
-0.10353,0.23415
-0.10745,0.23874
-0.11139,0.24311
-0.11535,0.24727
-0.11934,0.2512
-0.12334,0.25493
-0.12738,0.25846
-0.13144,0.26179
-0.13554,0.26494
-0.13967,0.2679
-0.14383,0.27069
-0.14804,0.27331
-0.15228,0.27578
-0.15657,0.27811
-0.16089,0.28029
-0.16527,0.28234
-0.16969,0.28427
-0.17416,0.28608
-0.17867,0.28778
-0.18323,0.28937
-0.18783,0.29087
-0.19248,0.29227
-0.19718,0.29359
-0.20191,0.29482
-0.20669,0.29597
-0.2115,0.29704
-0.21635,0.29804
-0.22123,0.29895
-0.22613,0.2998
-0.23106,0.30057
-0.236,0.30127
-0.24096,0.30189
-0.24593,0.30243
-0.2509,0.3029
-0.25587,0.30328
-0.26083,0.30358
-0.26579,0.3038
-0.27072,0.30392
-0.27563,0.30396
-0.28052,0.3039
-0.28537,0.30374
-0.29019,0.30349
-0.29496,0.30312
-0.29969,0.30265
-0.30437,0.30207
-0.30899,0.30138
-0.31355,0.30057
-0.31806,0.29964
-0.3225,0.2986
-0.32688,0.29743
-0.33118,0.29614
-0.33542,0.29472
-0.33959,0.29317
-0.34369,0.2915
-0.34772,0.2897
-0.35168,0.28777
-0.35557,0.28571
-0.3594,0.28352
-0.36315,0.28121
-0.36685,0.27876
-0.37048,0.27618
-0.37405,0.27348
-0.37756,0.27064
-0.38102,0.26768
-0.38443,0.26458
-0.38779,0.26136
-0.3911,0.25801
-0.39438,0.25453
-0.39761,0.25092
-0.40081,0.24718
-0.40398,0.24331
-0.40712,0.23931
-0.41023,0.23518
-0.41332,0.23092
-0.41638,0.22652
-0.41943,0.22199
-0.42245,0.21732
-0.42546,0.21252
-0.42846,0.20757
-0.43143,0.20249
-0.4344,0.19727
-0.43734,0.19191
-0.44027,0.1864
-0.44319,0.18075
-0.44608,0.17496
-0.44895,0.16902
-0.4518,0.16294
-0.45463,0.15671
-0.45742,0.15035
-0.46019,0.14384
-0.46291,0.1372
-0.4656,0.13042
-0.46825,0.1235
-0.47085,0.11646
-0.4734,0.1093
-0.47589,0.10202
-0.47832,0.094625
-0.48069,0.087125
-0.48298,0.079527
-0.48521,0.071838
-0.48735,0.064068
-0.48942,0.056226
-0.4914,0.048321
-0.49329,0.040363
-0.49508,0.032364
-0.49678,0.024335
-0.49839,0.016287
-0.49989,0.0082317
-0.50128,0.00018174
-0.50258,-0.0078511
-0.50376,-0.015855
-0.50484,-0.023817
-0.50581,-0.031726
-0.50667,-0.03957
-0.50743,-0.047339
-0.50808,-0.05502
-0.50862,-0.062605
-0.50905,-0.070083
-0.50939,-0.077445
-0.50962,-0.084683
-0.50976,-0.091789
-0.5098,-0.098758
-0.50975,-0.10558
-0.50961,-0.11226
-0.50939,-0.11879
-0.50909,-0.12516
-0.5087,-0.13138
-0.50825,-0.13744
-0.50772,-0.14335
-0.50713,-0.1491
-0.50648,-0.15471
-0.50577,-0.16017
-0.50501,-0.16548
-0.5042,-0.17067
-0.50334,-0.17572
-0.50244,-0.18065
-0.5015,-0.18547
-0.50053,-0.19018
-0.49952,-0.19479
-0.49848,-0.19932
-0.49742,-0.20377
-0.49632,-0.20815
-0.49521,-0.21248
-0.49407,-0.21676
-0.4929,-0.221
-0.49172,-0.22521
-0.49051,-0.2294
-0.48929,-0.23358
-0.48804,-0.23776
-0.48677,-0.24194
-0.48548,-0.24613
-0.48416,-0.25034
-0.48282,-0.25458
-0.48145,-0.25884
-0.48005,-0.26314
-0.47862,-0.26747
-0.47716,-0.27183
-0.47566,-0.27623
-0.47412,-0.28067
-0.47255,-0.28514
-0.47092,-0.28964
-0.46925,-0.29418
-0.46754,-0.29874
-0.46577,-0.30332
-0.46394,-0.30791
-0.46206,-0.31252
-0.46011,-0.31713
-0.45811,-0.32174
-0.45603,-0.32633
-0.45389,-0.33091
-0.45168,-0.33546
-0.4494,-0.33997
-0.44705,-0.34444
-0.44462,-0.34886
-0.44212,-0.35321
-0.43954,-0.3575
-0.43688,-0.36171
-0.43415,-0.36583
-0.43133,-0.36987
-0.42844,-0.3738
-0.42548,-0.37764
-0.42244,-0.38136
-0.41932,-0.38496
-0.41613,-0.38845
-0.41286,-0.39182
-0.40953,-0.39505
-0.40612,-0.39816
-0.40265,-0.40114
-0.39912,-0.40399
-0.39552,-0.40671
-0.39187,-0.40929
-0.38816,-0.41174
-0.3844,-0.41407
-0.38058,-0.41626
-0.37673,-0.41833
-0.37283,-0.42027
-0.36889,-0.42209
-0.36491,-0.42379
-0.36091,-0.42538
-0.35687,-0.42685
-0.35281,-0.42822
-0.34873,-0.42948
-0.34463,-0.43063
-0.34052,-0.43169
-0.33639,-0.43264
-0.33225,-0.4335
-0.32811,-0.43427
-0.32396,-0.43494
-0.31981,-0.43552
-0.31567,-0.43602
-0.31152,-0.43642
-0.30738,-0.43674
-0.30325,-0.43696
-0.29912,-0.43709
-0.295,-0.43714
-0.29089,-0.43708
-0.28679,-0.43694
-0.28269,-0.43669
-0.27861,-0.43634
-0.27454,-0.4359
-0.27047,-0.43534
-0.26641,-0.43467
-0.26236,-0.43389
-0.25832,-0.43299
-0.25428,-0.43197
-0.25024,-0.43083
-0.2462,-0.42956
-0.24217,-0.42816
-0.23813,-0.42662
-0.23408,-0.42495
-0.23003,-0.42314
-0.22597,-0.42118
-0.2219,-0.41909
-0.21782,-0.41684
-0.21372,-0.41446
-0.20961,-0.41192
-0.20548,-0.40925
-0.20133,-0.40642
-0.19715,-0.40345
-0.19296,-0.40034
-0.18875,-0.39709
-0.18451,-0.3937
-0.18025,-0.39018
-0.17596,-0.38652
-0.17166,-0.38274
-0.16733,-0.37884
-0.16298,-0.37481
-0.15861,-0.37067
-0.15422,-0.36643
-0.14982,-0.36208
-0.1454,-0.35763
-0.14097,-0.35309
-0.13654,-0.34846
-0.1321,-0.34375
-0.12767,-0.33897
-0.12323,-0.33412
-0.11881,-0.3292
-0.11441,-0.32422
-0.11002,-0.31919
-0.10566,-0.3141
-0.10133,-0.30897
-0.097035,-0.3038
-0.092785,-0.29859
-0.088583,-0.29335
-0.084437,-0.28807
-0.080352,-0.28277
-0.076335,-0.27744
-0.072392,-0.27209
-0.068528,-0.26672
-0.064749,-0.26133
-0.061062,-0.25592
-0.057472,-0.25051
-0.053983,-0.24507
-0.050601,-0.23963
-0.047331,-0.23418
-0.044176,-0.22872
-0.041141,-0.22325
-0.038229,-0.21778
-0.035442,-0.21231
-0.032784,-0.20685
-0.030257,-0.20138
-0.027861,-0.19593
-0.025599,-0.19048
-0.023469,-0.18506
-0.021474,-0.17965
-0.019611,-0.17427
-0.01788,-0.16892
-0.01628,-0.1636
-0.014808,-0.15834
-0.013462,-0.15312
-0.012238,-0.14796
-0.011135,-0.14287
-0.010147,-0.13786
-0.0092713,-0.13293
-0.0085027,-0.1281
-0.0078368,-0.12337
-0.0072684,-0.11876
-0.0067924,-0.11428
-0.0064033,-0.10994
-0.0060956,-0.10575
-0.0058637,-0.10172
-0.0057017,-0.097861
-0.0056041,-0.094187
-0.0055649,-0.090709
-0.0055786,-0.087438
-0.0056396,-0.084384
-0.0057424,-0.081558
-0.0058818,-0.07897
-0.0060526,-0.07663
-0.0062499,-0.074546
-0.0064692,-0.072727
-0.0067061,-0.07118
-0.0069565,-0.069912
-0.0072165,-0.06893
-0.0074829,-0.068237
-0.0077524,-0.067839
-0.0080223,-0.067738
-0.00829,-0.067936
-0.0085534,-0.068436
-0.0088108,-0.069236
-0.0090606,-0.070336
-0.0093016,-0.071735
-0.0095329,-0.073428
-0.0097538,-0.075413
-0.0099639,-0.077685
-0.010163,-0.080237
-0.010351,-0.083063
-0.010529,-0.086156
-0.010696,-0.089507
-0.010853,-0.093107
-0.011001,-0.096947
-0.01114,-0.10102
-0.011271,-0.1053
-0.011394,-0.1098
-0.01151,-0.11449
-0.011619,-0.11936
-0.011722,-0.12441
-0.01182,-0.12961
-0.011911,-0.13496
-0.011996,-0.14045
-0.012075,-0.14606
-0.012147,-0.15177
-0.012212,-0.15759
-0.012268,-0.16349
-0.012315,-0.16947
-0.012351,-0.17551
-0.012373,-0.1816
-0.012381,-0.18774
-0.012372,-0.19391
-0.012343,-0.20011
-0.012292,-0.20632
-0.012215,-0.21254
-0.01211,-0.21875
-0.011972,-0.22496
-0.011799,-0.23116
-0.011586,-0.23734
-0.01133,-0.24349
-0.011026,-0.24961
-0.01067,-0.2557
-0.010258,-0.26174
-0.0097861,-0.26775
-0.0092495,-0.2737
-0.0086439,-0.27961
-0.0079654,-0.28546
-0.0072096,-0.29126
-0.0063726,-0.297
-0.0054506,-0.30268
-0.0044398,-0.3083
-0.0033367,-0.31386
-0.0021381,-0.31934
-0.00084088,-0.32476
0.0005577,-0.33011
0.0020601,-0.33538
0.0036685,-0.34058
0.0053847,-0.3457
0.0072102,-0.35074
0.0091461,-0.3557
0.011193,-0.36056
0.013352,-0.36534
0.015623,-0.37002
0.018004,-0.37461
0.020497,-0.3791
0.023099,-0.38348
0.025808,-0.38775
0.028625,-0.3919
0.031545,-0.39594
0.034567,-0.39986
0.037687,-0.40365
0.040903,-0.40731
0.044212,-0.41083
0.047609,-0.41421
0.05109,-0.41744
0.054652,-0.42053
0.05829,-0.42346
0.062,-0.42624
0.065776,-0.42885
0.069614,-0.4313
0.073508,-0.43358
0.077455,-0.43569
0.081448,-0.43763
0.085482,-0.4394
0.089552,-0.44099
0.093653,-0.44241
0.097779,-0.44364
0.10193,-0.44471
0.10609,-0.44559
0.11026,-0.4463
0.11443,-0.44684
0.11861,-0.44721
0.12278,-0.44742
0.12694,-0.44746
0.13109,-0.44734
0.13521,-0.44707
0.13931,-0.44664
0.14339,-0.44608
0.14743,-0.44537
0.15143,-0.44454
0.1554,-0.44358
0.15932,-0.44251
0.16319,-0.44132
0.16701,-0.44003
